group,size,id
1,7.62797059419824,1
1,6.99391979341126,2
1,8.05778775643544,3
1,10.4227556006633,4
1,10.5762363149974,5
1,6.13168510667505,6
1,8.50562173345023,7
1,12.867595657164,8
1,6.99364660076345,9
1,7.15362286387611,10
1,9.14871348575419,11
1,10.7825843100368,12
1,9.07658797762398,13
1,6.41343327520206,14
1,7.83484677526293,15
1,5.544309371853,16
1,8.61560336777318,17
1,8.90476461914228,18
1,7.90304829914325,19
1,8.16442518646414,20
1,7.86493543217925,21
1,7.81103760870933,22
1,6.912327335088,23
1,7.26521917031754,24
1,6.80670810718466,25
1,7.81026176522631,26
1,9.81890253697356,27
1,7.20652692069728,28
1,5.35513653666413,29
1,10.1061215870014,30
1,8.98057871877667,31
1,7.55726229604604,32
1,9.28422191894536,33
1,6.75371494391775,34
1,11.9613996675845,35
1,8.20778547222076,36
1,10.5676768874774,37
1,6.73243293693465,38
1,6.62210320032421,39
1,7.56881586321873,40
1,9.93049906764241,41
1,5.36830228708181,42
1,7.96488594082637,43
1,5.52310617350589,44
1,7.96355102781628,45
1,8.1085381910709,46
1,8.72443107368721,47
1,5.85662866032272,48
1,6.35649934015925,49
1,9.58340887395837,50
1,8.49603111640009,51
1,8.74716381817698,52
1,5.50043117146878,53
1,8.17175110084979,54
1,6.26170730146519,55
1,7.14952771658177,56
1,10.2241073287575,57
1,6.87170260635356,58
1,10.7459493823076,59
1,6.9320918439146,60
1,7.97045980043065,61
1,7.00786037708911,62
1,7.52137400564126,63
1,7.52497328455238,64
1,8.80281151238914,65
1,8.86628165602898,66
1,7.48226769384192,67
1,8.70822913369569,68
1,8.38380186741581,69
1,6.29160049560745,70
1,6.93956886338419,71
1,10.4660996381668,72
1,8.10309022385804,73
1,7.14262975365184,74
1,11.1043308521899,75
1,5.87625908389363,76
1,9.50175189550841,77
1,8.74008382307019,78
1,6.54256688429695,79
1,8.84196246154957,80
1,8.76503877303869,81
1,6.20233780687569,82
1,8.59762958716883,83
1,8.61846957507714,84
1,11.3626333810241,85
1,7.72015731888832,86
1,8.63082945140658,87
1,5.88572114842968,88
1,10.7136232265344,89
1,6.89376047632778,90
1,5.56567705460845,91
1,6.34502190967711,92
1,9.1550115696082,93
1,8.30254103907132,94
1,8.28214662972384,95
1,7.76773039524844,96
1,9.4074991512058,97
1,8.61729747958945,98
1,7.97094460405834,99
1,9.00291144972459,100
1,10.4451300130607,101
1,7.65416315080808,102
1,5.42548554645345,103
1,7.2779496678473,104
1,7.40017246189206,105
1,7.07871133947149,106
1,8.26443527118176,107
1,7.60203126205145,108
1,7.15345809081551,109
1,5.61835913484605,110
1,7.58643940325356,111
1,6.56936757704522,112
1,7.87854619877783,113
1,9.4096630285925,114
1,7.77560170613437,115
1,10.7759636124911,116
1,6.2166091129142,117
1,7.90918383217245,118
1,7.5409229560457,119
1,6.47122209434512,120
1,6.04560615085728,121
1,8.42609271979926,122
1,7.92715750553661,123
1,7.51910846133219,124
1,10.5449523966306,125
1,9.19998398576936,126
1,4.57590997224165,127
1,8.7674375517806,128
1,6.42539540546715,129
1,7.23841032245704,130
1,9.17724058983193,131
1,6.87623640219094,132
1,5.83668418243302,133
1,7.07151012409066,134
1,8.72364618190272,135
1,8.7671604051869,136
1,10.6977801246569,137
1,6.45709403982251,138
1,6.82908715365807,139
1,8.16850524485432,140
1,8.40892243543534,141
1,8.3573677380485,142
1,8.52504286428615,143
1,7.65556879983294,144
1,10.0347147771554,145
1,5.74444292087973,146
1,6.20438653225551,147
1,6.62272163959187,148
1,8.69654115610711,149
1,9.72332244790156,150
1,8.06696656715707,151
1,7.61624030442768,152
1,8.36631946832899,153
1,6.91509124527912,154
1,11.1092903808337,155
1,8.46063811193237,156
1,7.14705068902252,157
1,6.66412979855216,158
1,7.23116367356216,159
1,9.83567806791263,160
1,5.10240263075947,161
1,5.88900841825987,162
1,8.42947303609509,163
1,9.57663966821211,164
1,8.31567251035997,165
1,4.25154025562813,166
1,8.45124621581914,167
1,6.70684907472161,168
1,6.36100893175649,169
1,7.92681681667984,170
1,8.5293053664182,171
1,9.00558168074496,172
1,7.49444799082095,173
1,8.88756611605564,174
1,10.3458261066387,175
1,8.74980730985422,176
1,5.42183376635181,177
1,8.32831088492392,178
1,10.1487546087628,179
1,8.47971144758901,180
1,7.20909454477328,181
1,7.33217912261725,182
1,8.12430556102312,183
1,5.64712441361939,184
1,9.84409690951599,185
1,6.7705568643684,186
1,8.01354069548303,187
1,7.93365646308702,188
1,10.6548225421739,189
1,9.52880245845645,190
1,8.65034371876362,191
1,9.43939999773158,192
1,7.84753651776299,193
1,8.74366561606105,194
1,7.24947416229055,195
1,7.4923937293538,196
1,8.89696897640341,197
1,8.02407574836181,198
1,7.5876440529061,199
1,9.03946085660681,200
1,5.85925184900308,201
1,9.73739958831113,202
1,7.38230020463099,203
1,6.53733058839582,204
1,7.67494711424695,205
1,8.46400862905493,206
1,8.29799278675428,207
1,7.64571117451301,208
1,5.47528693524163,209
1,8.55900396197732,210
1,7.61665222713849,211
1,7.66726546534748,212
1,7.86584806467484,213
1,9.57411321178839,214
1,6.19813015787939,215
1,6.81167000640849,216
1,8.01453082513986,217
1,9.90796356739021,218
1,6.6777306336877,219
1,11.2889435731449,220
1,7.41915570090188,221
1,6.38217852932417,222
1,9.10106413295366,223
1,5.18314830653199,224
1,8.39920724560532,225
1,8.76914765938179,226
1,7.0707519058521,227
1,9.31877325355324,228
1,8.01490164013974,229
1,8.1282883836243,230
1,7.18538322814635,231
1,10.7425517853765,232
1,8.61754540666143,233
1,8.43130056248073,234
1,9.86922461123552,235
1,7.79199412838486,236
1,4.92198812935706,237
1,6.42818855581186,238
1,4.92047148733938,239
1,8.54064847558976,240
1,7.53909920033024,241
1,7.61277300645387,242
1,7.81440598710883,243
1,6.48970669974789,244
1,6.93985882638856,245
1,9.10583782322057,246
1,7.39633349321946,247
1,9.42588753786512,248
1,9.34113280244987,249
1,6.3904399448723,250
1,6.82717401967225,251
1,9.07250059139832,252
1,5.52688582573347,253
1,6.68122303139118,254
1,6.35032707393423,255
1,7.4372377055443,256
1,8.81454135617654,257
1,10.5226983254506,258
1,8.56251948515335,259
1,8.42333794882848,260
1,9.66478215454676,261
1,8.94801918474098,262
1,7.35947741642897,263
1,7.94394776765309,264
1,4.72435575236159,265
1,8.87948213416037,266
1,9.12668453996092,267
1,8.5900553350957,268
1,4.2362635129242,269
1,9.20233792688335,270
1,10.9305298762987,271
1,5.34136872023165,272
1,7.79364525430865,273
1,9.09489853590904,274
1,6.97603609770375,275
1,10.2158161729807,276
1,9.39530757900066,277
1,5.37092511885578,278
1,7.42661533509916,279
1,8.92204449678298,280
1,6.6993289595661,281
1,6.15360389239312,282
1,7.31206064405808,283
1,7.58207658650153,284
1,9.03975070521789,285
1,7.26296555442121,286
1,9.45066581257005,287
1,10.3227513850782,288
1,7.09909745603716,289
1,8.13065906084998,290
1,9.69431762597782,291
1,6.65775962338483,292
1,9.54944436864533,293
1,8.66442875512022,294
1,7.42058492970826,295
1,9.80398731354195,296
1,7.88290271861086,297
1,9.11118449650161,298
1,8.16726491558142,299
1,8.24805446784839,300
1,8.37097787098972,301
1,7.61250062803404,302
1,5.76617504114525,303
1,4.29938347478272,304
1,8.99569980677492,305
1,9.52182814004028,306
1,7.38268527180829,307
1,11.2441271868872,308
1,11.6363884899399,309
1,8.5844402225465,310
1,9.44861660875191,311
1,6.50723035580513,312
1,5.87870484027177,313
1,9.22286873826555,314
1,9.38251042083828,315
1,7.16848639028478,316
1,8.06888914608184,317
1,6.56918286688523,318
1,7.20577278575653,319
1,7.25972903827131,320
1,7.66777127277281,321
1,7.85150233191011,322
1,8.15845606459145,323
1,10.499891395877,324
1,8.45131913503285,325
1,8.13938857378758,326
1,9.14132781697638,327
1,8.93128293788963,328
1,4.74251308374227,329
1,6.47477234737402,330
1,8.74931860047727,331
1,5.5612083688882,332
1,9.03978834698012,333
1,7.76474505715366,334
1,5.6963903545342,335
1,6.47056505340545,336
1,8.35891916033724,337
1,8.51767822663113,338
1,5.46275078159946,339
1,11.2027463507418,340
1,9.81522920727382,341
1,8.52318583378439,342
1,7.06312198162144,343
1,6.03272473022258,344
1,8.49448950359652,345
1,6.74256077970572,346
1,5.84127948928656,347
1,8.01511238235895,348
1,6.80410047364934,349
1,6.41920058113614,350
1,8.6853022413028,351
1,9.59766034985625,352
1,8.86998177183074,353
1,13.2069732013367,354
1,6.12057086416527,355
1,9.70294606403201,356
1,6.53416005442172,357
1,8.18917156193389,358
1,9.52018078860132,359
1,10.3386419489791,360
1,8.64926229663902,361
1,8.34698882588902,362
1,4.83661042940341,363
1,8.23892036887464,364
1,7.65687524887762,365
1,10.7213119983872,366
1,9.12596042008048,367
1,8.59638021935454,368
1,5.13989662845537,369
1,8.77194672435821,370
1,9.61812264053017,371
1,7.8834239616125,372
1,7.04483777570985,373
1,8.01259771465405,374
1,8.86646854301855,375
1,10.210634074613,376
1,5.737423063022,377
1,8.47834138947552,378
1,9.40442548122725,379
1,9.63066499653086,380
1,5.0568369047675,381
1,8.48966105404974,382
1,8.47605860909664,383
1,7.73582508765193,384
1,5.99646529484917,385
1,7.45288544297373,386
1,9.4641504758386,387
1,5.47810464726795,388
1,8.77752067774493,389
1,11.6623731939583,390
1,8.99050260165628,391
1,8.65601272315532,392
1,10.2036791582758,393
1,7.77955902354607,394
1,8.96543891029011,395
1,7.91832361141354,396
1,6.5612903707527,397
1,9.1691682943261,398
1,8.16376249945778,399
1,10.174765287942,400
1,6.91086816059046,401
1,5.87644565791362,402
1,6.37417884555657,403
1,10.2961877763963,404
1,6.64223507047976,405
1,8.43005939496501,406
1,6.44051014606379,407
1,8.49219223512005,408
1,10.1068977723062,409
1,6.59410081506725,410
1,6.72252781516991,411
1,10.5266271735705,412
1,8.84447966921272,413
1,7.48168862446055,414
1,6.630406456942,415
1,9.36454798144173,416
1,8.71688307246105,417
1,7.14633401909735,418
1,9.25504315796028,419
1,9.5491550536843,420
1,9.8003479850221,421
1,7.48065146341538,422
1,8.76640760786644,423
1,7.17166555529596,424
1,10.1078439761914,425
1,9.12690422995715,426
1,8.12435058470726,427
1,7.12723059472876,428
1,8.75838251740631,429
1,8.22737513714427,430
1,7.79128763412227,431
1,5.27814847756814,432
1,8.01899271204745,433
1,7.59935508934611,434
1,8.03116194632414,435
1,8.1078459584067,436
1,5.79934012761402,437
1,5.61798206270356,438
1,9.88963434968424,439
1,8.13321079836875,440
1,7.47509914671427,441
1,8.89591361822733,442
1,6.04303156330252,443
1,6.20929734159801,444
1,6.04594078082336,445
1,7.90376611206725,446
1,6.51716658809493,447
1,9.86191813201943,448
1,5.92426119386161,449
1,10.4752943725881,450
1,9.42548653746162,451
1,8.05915642022277,452
1,10.0323807483142,453
1,8.3871233893374,454
1,10.5999965580167,455
1,8.03710616003427,456
1,8.81862029258174,457
1,6.5892922157056,458
1,7.90649862449197,459
1,8.74474473430894,460
1,4.50658546378164,461
1,6.79430598665287,462
1,8.1586910401388,463
1,7.02489993657265,464
1,5.84984456430364,465
1,5.22678302228019,466
1,6.75180294803079,467
1,4.74463845115823,468
1,9.53462441825762,469
1,10.5330336669191,470
1,10.0290042018565,471
1,7.90437564126892,472
1,8.52432112519565,473
1,8.51546861034129,474
1,9.27355790629272,475
1,10.1044816876058,476
1,8.25721908535484,477
1,10.3088674670323,478
1,9.28157560005964,479
1,7.98289899841284,480
1,10.01841076728,481
1,6.67937954846239,482
1,7.7225401843417,483
1,8.75620213238932,484
1,8.00866531388908,485
1,5.81359655383643,486
1,7.68448110858093,487
1,9.22779925643218,488
1,7.12221628245479,489
1,8.45118586384553,490
1,6.29598526523957,491
1,6.8087063352443,492
1,6.76110941871845,493
1,7.85644593456386,494
1,9.28856614986196,495
1,10.4731118804352,496
1,6.96056378832114,497
1,7.24143888924663,498
1,8.26421043885529,499
1,10.8097000424642,500
1,7.93202578422468,501
1,9.35735320127932,502
1,5.24525759989894,503
1,5.59696195333377,504
1,9.22135577449232,505
1,6.4113421440771,506
1,8.43462343920015,507
1,8.19209816640471,508
1,9.07202852055758,509
1,8.18859504701755,510
1,7.44458083566971,511
1,7.51070332823072,512
1,8.15319308476266,513
1,10.0538251932884,514
1,9.46055985616925,515
1,10.5789228532426,516
1,6.16224500640752,517
1,5.34035207930997,518
1,6.45042528157168,519
1,7.05206268582614,520
1,7.17894889868644,521
1,8.33763255626419,522
1,7.69308529579603,523
1,6.14487573717095,524
1,8.20970323558095,525
1,8.27159945991161,526
1,7.77575911359399,527
1,7.23159045656479,528
1,10.1376602522292,529
1,9.74224769077657,530
1,8.13160465750813,531
1,5.66555920995346,532
1,6.5199738892255,533
1,6.93086237723085,534
1,7.46907489990323,535
1,6.93515458637336,536
1,7.65637919932297,537
1,7.71712763601603,538
1,9.7557071421042,539
1,8.8080039722587,540
1,7.0905247348432,541
1,7.14928874703386,542
1,8.32417298964056,543
1,10.9973265317701,544
1,5.11190646184997,545
1,6.84867996901872,546
1,7.24743054470256,547
1,7.14704007858396,548
1,6.22960600725835,549
1,6.74452755227195,550
1,8.12052377651065,551
1,7.24676754891336,552
1,8.44420025201869,553
1,8.47755072055602,554
1,9.99078088091251,555
1,8.3750945239832,556
1,9.1983647478789,557
1,8.48166207065095,558
1,7.78386070991994,559
1,4.77446029713688,560
1,6.57871627612151,561
1,5.60191625737288,562
1,8.74884005867564,563
1,8.90264577084153,564
1,7.17216622539493,565
1,7.78134098381717,566
1,11.5445722924588,567
1,10.1387284619898,568
1,9.21118990814663,569
1,4.69139712928447,570
1,7.30346627256418,571
1,8.63413519201068,572
1,6.56194237672162,573
1,9.08026134204753,574
1,6.48950536467242,575
1,6.51333114682154,576
1,8.77063141033189,577
1,8.53149354573454,578
1,9.13468306154847,579
1,8.6712321756725,580
1,9.23877365372313,581
1,5.55064800371433,582
1,9.15115011849123,583
1,6.71191070666241,584
1,6.55773501733522,585
1,5.57922934156638,586
1,6.35577926718716,587
1,9.8752682512854,588
1,9.16212881630732,589
1,9.05639298542586,590
1,7.53673820721341,591
1,11.1789427625123,592
1,8.15240888540264,593
1,6.82942459687137,594
1,7.2357274436122,595
1,8.70559004897918,596
1,8.36814935958869,597
1,8.23237379209053,598
1,8.73422338193098,599
1,7.74077674762558,600
1,7.3327767261727,601
1,5.27473724916515,602
1,10.3520415257433,603
1,7.28425676327913,604
1,10.3562666566713,605
1,7.8973613360204,606
1,6.78158069320958,607
1,8.48287013278425,608
1,10.7475511530289,609
1,6.94842946103567,610
1,8.92291052968553,611
1,7.88994221044077,612
1,7.35266454576889,613
1,5.37120330309521,614
1,10.0350096061929,615
1,8.0948253601049,616
1,7.0982871677427,617
1,8.1918144182416,618
1,8.10296772912053,619
1,9.44165227965371,620
1,10.1263928002952,621
1,8.08365223262489,622
1,7.61251019701618,623
1,5.12946869785199,624
1,6.82619224715255,625
1,9.08155873782934,626
1,8.85637369705253,627
1,9.62168203142564,628
1,9.26152842586795,629
1,9.97899969695148,630
1,6.12681033932331,631
1,7.21959206301282,632
1,10.5268757411287,633
1,9.02699390489071,634
1,8.87138840281247,635
1,8.98047922077303,636
1,8.55509487755981,637
1,7.72465742635455,638
1,7.31786271985437,639
1,6.27061922119444,640
1,4.90870608140402,641
1,8.66827516345744,642
1,7.96430768968627,643
1,8.20001372962413,644
1,5.3579485615096,645
1,8.06415064545234,646
1,7.39563756120177,647
1,9.54379988208066,648
1,3.84466074903615,649
1,8.75200146982685,650
1,6.42004716905309,651
1,8.30309319064891,652
1,7.92782221747957,653
1,8.77662606142884,654
1,6.79410684651911,655
1,7.82753124822672,656
1,5.96538316533277,657
1,12.1154990517833,658
1,7.87281290602867,659
1,8.93540075406639,660
1,9.71528657557481,661
1,5.3380645707245,662
1,6.01594811637899,663
1,9.76901565368163,664
1,5.44637863391655,665
1,6.43810764303133,666
1,6.0709997845671,667
1,7.40475987465041,668
1,9.52799901033818,669
1,6.92275923903905,670
1,9.37722074651475,671
1,7.21994107920031,672
1,9.30548947514676,673
1,7.42080926750682,674
1,9.43657194530398,675
1,11.4115755566884,676
1,7.80624004809784,677
1,8.96874465068902,678
1,8.30193362755828,679
1,8.45213484139662,680
1,8.71966784525153,681
1,8.36854859437335,682
1,5.13896064436519,683
1,8.30026348530248,684
1,7.89353557767927,685
1,9.69870752789595,686
1,8.84964551768671,687
1,7.0132564114289,688
1,9.05239242615201,689
1,10.9552154707874,690
1,9.03926581434894,691
1,9.1990714881356,692
1,8.52268617308061,693
1,8.12348799216328,694
1,6.18829238330886,695
1,4.21447199043459,696
1,10.5733991603677,697
1,6.54335554071707,698
1,9.47042821967512,699
1,6.10012398510268,700
1,9.57543236653694,701
1,7.74037840461831,702
1,8.36753589712771,703
1,6.66202495087801,704
1,9.96955230724398,705
1,7.80770253193834,706
1,8.12401415280307,707
1,10.3834223512842,708
1,10.2996819157196,709
1,4.93201499689471,710
1,6.0849922339076,711
1,6.88111461422313,712
1,5.88588351605459,713
1,7.98557410185421,714
1,8.55467859384321,715
1,8.37914608861579,716
1,6.97719734337462,717
1,8.99696610757055,718
1,11.5975475603444,719
1,7.89794594555289,720
1,9.27065147019512,721
1,9.814235200071,722
1,10.7134236676165,723
1,9.30070951435423,724
1,7.80395029654171,725
1,10.100059358802,726
1,9.36512809801921,727
1,8.3059491629409,728
1,7.74953985236424,729
1,10.7649307783349,730
1,9.02088134071783,731
1,7.63719212765774,732
1,7.38179715926433,733
1,4.60128191139053,734
1,7.5243611801085,735
1,7.51412832037556,736
1,8.44722470219346,737
1,6.3199646235502,738
1,6.35848964100548,739
1,7.96374469389315,740
1,7.06909313384097,741
1,10.129513655525,742
1,5.92149308937945,743
1,9.79544255755892,744
1,6.40547886965315,745
1,7.40028531684389,746
1,11.4480270459431,747
1,10.2206562457347,748
1,9.48488426351865,749
1,7.98328440682598,750
1,7.03008565103889,751
1,9.15615707880375,752
1,7.72963340080878,753
1,8.70984963676313,754
1,8.0704395394895,755
1,10.0790379635531,756
1,8.64974821437407,757
1,7.98235062899369,758
1,8.60990349431537,759
1,8.39254208700314,760
1,8.8393608033947,761
1,8.12335910678141,762
1,5.94542673646794,763
1,7.90146061103982,764
1,9.30827910812426,765
1,10.3104578814681,766
1,8.12271977169353,767
1,9.8392260035971,768
1,8.63210625389196,769
1,8.9582711679574,770
1,9.14595240958666,771
1,7.09629458022324,772
1,7.61525623172949,773
1,9.91088809533719,774
1,8.8669401701924,775
1,6.4802652371731,776
1,6.98630181391774,777
1,6.25798950782073,778
1,6.46296897162815,779
1,6.98369778215293,780
1,8.39814431554093,781
1,6.58592232520323,782
1,5.76881513075726,783
1,9.14134054797827,784
1,9.73844497627729,785
1,4.56559741409669,786
1,8.30217962828702,787
1,6.3450817952524,788
1,5.99201715965779,789
1,10.5520029710935,790
1,8.45879924102707,791
1,8.18828384817238,792
1,8.5924578517958,793
1,7.41392990164455,794
1,5.03527228709484,795
1,7.23472696524425,796
1,10.1377742742668,797
1,8.18178960354087,798
1,5.93813116678221,799
1,7.0840875407217,800
1,5.99374514184185,801
1,6.53250616366337,802
1,7.68469605399196,803
1,10.1080777061632,804
1,9.58745133761433,805
1,11.4555994925639,806
1,8.72430885222209,807
1,8.03490678783188,808
1,9.02251316837759,809
1,7.35048421493038,810
1,6.15764541578548,811
1,6.44854487904303,812
1,10.5487871059307,813
1,8.86057147455407,814
1,11.6073408466445,815
1,6.76466058174171,816
1,9.21773529538973,817
1,6.54010547779666,818
1,6.14799229543242,819
1,6.28440140324044,820
1,5.38710774738428,821
1,8.84733985969268,822
1,8.73378879696689,823
1,10.6823429326435,824
1,7.59005190409527,825
1,10.222897194088,826
1,9.21028893338641,827
1,7.4506251125677,828
1,8.48085088535755,829
1,7.84231988743511,830
1,7.63992024835395,831
1,6.94673417458868,832
1,8.47371847833418,833
1,7.52826702773159,834
1,9.07832240148961,835
1,8.27642833066188,836
1,8.60643273923542,837
1,10.4514562628541,838
1,7.29805850873797,839
1,8.05413639719479,840
1,8.14196991417186,841
1,7.98616086416968,842
1,10.1986862463018,843
1,5.66319820124294,844
1,7.46738242429671,845
1,7.85194688797132,846
1,8.80751816140956,847
1,5.97545142377791,848
1,11.9731280650949,849
1,10.8702452608869,850
1,6.22160418859536,851
1,7.21181921235769,852
1,8.66228736200447,853
1,6.58140055597521,854
1,5.87327736040032,855
1,6.17006396497347,856
1,5.26628918081412,857
1,7.98010383548554,858
1,10.6880809666922,859
1,6.66119488784253,860
1,8.41812292103516,861
1,9.20483120291367,862
1,8.71454122782797,863
1,7.64079463492137,864
1,7.28285389831379,865
1,7.78861595707969,866
1,7.62688502179589,867
1,7.87312837933916,868
1,10.4625768153428,869
1,9.79234207491479,870
1,8.5722631130957,871
1,7.82280657418807,872
1,9.78781614387002,873
1,9.96900941251182,874
1,7.59649934820033,875
1,7.88682220019059,876
1,8.63792328703464,877
1,7.25941652040526,878
1,7.71559110694821,879
1,9.16131896925375,880
1,10.0585584511291,881
1,6.84197310056157,882
1,6.67576309845025,883
1,5.85897020190498,884
1,8.49447132459583,885
1,9.87083749002685,886
1,7.15883292505914,887
1,9.09603566553082,888
1,5.56518787215782,889
1,7.896510673812,890
1,9.98785869246605,891
1,9.37243900394766,892
1,9.57437493518166,893
1,8.79901786763095,894
1,9.13747003321373,895
1,10.7079830055536,896
1,8.26496820128099,897
1,8.42958771099422,898
1,7.10699175988995,899
1,8.43930224783819,900
1,9.6872333712869,901
1,9.37086088656793,902
1,9.23913361337526,903
1,11.4204573137669,904
1,7.46397475544843,905
1,7.39544113304896,906
1,7.18141174521144,907
1,7.92723039044293,908
1,8.20914200882645,909
1,7.88313276476996,910
1,9.3686240371578,911
1,9.84283588013272,912
1,8.5397948098586,913
1,8.32638389235582,914
1,5.6926234451401,915
1,8.41408231723113,916
1,5.65544307096754,917
1,8.43236117677523,918
1,4.25569304511194,919
1,9.49620319329893,920
1,7.14966023867098,921
1,4.03073168538589,922
1,8.20323124442721,923
1,6.66416478765798,924
1,9.7238780951729,925
1,6.12585796927065,926
1,8.68190337676462,927
1,10.4940852920638,928
1,8.70706928263871,929
1,7.6688047628906,930
1,6.63870291737054,931
1,8.51638027987748,932
1,10.8442426876041,933
1,8.72341518919999,934
1,8.31956891318371,935
1,10.9763404708011,936
1,8.51036330012888,937
1,9.30250250041248,938
1,9.23271984239457,939
1,6.71156654792075,940
1,7.89640020682358,941
1,9.49396045872136,942
1,11.5146720168478,943
1,8.71415136502533,944
1,9.61335288332129,945
1,9.23087863126601,946
1,9.59885119395504,947
1,6.19240277816015,948
1,7.47484002251841,949
1,6.00786210858241,950
1,6.76918698259368,951
1,9.06008909893755,952
1,8.70509759076553,953
1,6.90753204125156,954
1,6.33847756805059,955
1,8.16373662828387,956
1,7.82486403700404,957
1,9.00790603177269,958
1,8.25578512704033,959
1,10.2170755619794,960
1,6.6674164268316,961
1,8.43323059921233,962
1,6.54249403823091,963
1,8.89626753603491,964
1,7.18395951810087,965
1,9.35930979732755,966
1,4.68610707466292,967
1,8.55272856085302,968
1,8.16259397597543,969
1,9.94163146253149,970
1,8.90972221432538,971
1,6.89152409218735,972
1,7.56933085638511,973
1,7.20880742379935,974
1,9.79190893586859,975
1,7.87098896315009,976
1,6.6746185760625,977
1,8.96741368213558,978
1,7.90100566860423,979
1,6.51975582759525,980
1,7.48625964819615,981
1,5.92742690778492,982
1,6.80894696486642,983
1,8.33894710958068,984
1,7.53658630291189,985
1,9.2155080048357,986
1,7.32783121796269,987
1,6.05866660931339,988
1,8.63860331699024,989
1,8.52818830091626,990
1,5.68592574368386,991
1,10.3036518439728,992
1,6.23770379801231,993
1,11.9767414613405,994
1,5.16341773113458,995
1,6.5093396306961,996
1,7.28803119896111,997
1,9.51873259326911,998
1,7.68906369423778,999
1,8.24278886872766,1000
2,9.17069270812556,1
2,11.4374601701186,2
2,10.4379164588538,3
2,11.080289599146,4
2,12.9232968434655,5
2,11.6578261612492,6
2,8.66970558465921,7
2,6.87785549871236,8
2,8.47453409015962,9
2,9.20057286410863,10
2,10.1221578026237,11
2,6.78679189215732,12
2,9.95764783991327,13
2,7.70703990556135,14
2,10.1050328298806,15
2,10.7904720274185,16
2,8.76983959153726,17
2,7.86704752562082,18
2,11.6399687979008,19
2,10.5122010631437,20
2,8.42193535535015,21
2,6.62454245222848,22
2,11.0348490755907,23
2,10.2446388476941,24
2,10.6760533242455,25
2,8.15298415526876,26
2,7.66312487032986,27
2,11.2654999945005,28
2,6.32657482561467,29
2,10.7018254631744,30
2,9.91363708964394,31
2,8.43146206590646,32
2,10.1882840550602,33
2,11.4992694564288,34
2,11.7580060823623,35
2,7.36705376406613,36
2,11.5564494142905,37
2,12.2963769138234,38
2,8.6969868167341,39
2,11.6808080843612,40
2,8.80750501820163,41
2,7.97089941201933,42
2,12.3314431793523,43
2,6.69452636195403,44
2,10.828998009126,45
2,7.94432998034214,46
2,10.1944988415101,47
2,8.46328250823065,48
2,10.7420996418431,49
2,9.5157876992241,50
2,12.9683871484656,51
2,9.75855161171568,52
2,8.42573538549037,53
2,7.92785902536069,54
2,9.37969389192603,55
2,14.0435609416349,56
2,7.96728086965348,57
2,11.904273734326,58
2,8.70522716258296,59
2,9.84162919870969,60
2,10.7472677831292,61
2,7.12171824572311,62
2,7.98177720302745,63
2,9.42509729827296,64
2,13.4740872297074,65
2,13.0410384646406,66
2,9.87742227979752,67
2,10.8240275789611,68
2,11.1958856471588,69
2,9.46876724417044,70
2,9.16670663578131,71
2,12.3155071865659,72
2,9.89289351832344,73
2,10.7503021685785,74
2,10.5755107153945,75
2,9.6635575990093,76
2,9.32842026334132,77
2,10.1426867353647,78
2,9.97539943302899,79
2,9.77210862637753,80
2,8.24256273282241,81
2,13.7965721325469,82
2,9.2545765438482,83
2,9.70909241429839,84
2,13.9169100892157,85
2,11.8383865945778,86
2,11.4420172631173,87
2,7.87608684122288,88
2,8.48340932738856,89
2,12.3534281245181,90
2,10.1758276338859,91
2,8.0259499218486,92
2,10.0729885284894,93
2,7.54852051161533,94
2,10.7604219599929,95
2,9.12961458048085,96
2,7.78114571974239,97
2,11.4625704783236,98
2,10.1427233103077,99
2,10.2469945755964,100
2,11.5285491056428,101
2,9.92431838508634,102
2,10.1128486110426,103
2,10.5527580856219,104
2,12.2562446937943,105
2,11.383429547676,106
2,10.9250880699227,107
2,8.28806801395473,108
2,11.0083594252138,109
2,7.20159188581647,110
2,9.1771766688843,111
2,8.96503238764277,112
2,11.4222877359766,113
2,6.60196200936592,114
2,7.50251435822879,115
2,9.91591685696838,116
2,10.4749156667182,117
2,9.70726146376876,118
2,12.483987948038,119
2,8.57816129959522,120
2,11.0276243868751,121
2,10.1542978128584,122
2,10.1117705389232,123
2,9.2002699866447,124
2,8.08182464564075,125
2,8.57416585030362,126
2,9.82601809882485,127
2,12.4730774048737,128
2,9.24980953405643,129
2,9.94212177630472,130
2,9.21095899640323,131
2,12.43251451016,132
2,10.0203852896965,133
2,8.65892384853775,134
2,13.0405355111319,135
2,10.9325600904459,136
2,13.1700096440459,137
2,9.35788423519851,138
2,8.67949154712457,139
2,9.99597872503737,140
2,6.94038929191663,141
2,13.9287267791051,142
2,15.4081669877165,143
2,7.21085034797782,144
2,11.3828760155484,145
2,14.8313297918325,146
2,7.7773639059101,147
2,10.4330781027946,148
2,10.1610170302129,149
2,11.0850048189744,150
2,8.85382939494973,151
2,12.3561790089786,152
2,13.4982670201069,153
2,7.61883855337951,154
2,9.23390830954813,155
2,8.57521472992035,156
2,10.9280396052162,157
2,11.7654625597454,158
2,4.63208049753152,159
2,11.3695313814888,160
2,12.2151402913408,161
2,7.04040864099769,162
2,8.17807967140129,163
2,7.60414743812776,164
2,9.12927947509092,165
2,12.2852368261701,166
2,9.4780225546872,167
2,2.73743344402178,168
2,9.44448496828702,169
2,6.43024627490948,170
2,9.88728720020294,171
2,8.21656986706495,172
2,12.0231353357499,173
2,10.7398657013611,174
2,10.2865925204833,175
2,10.9468105011813,176
2,9.83023354583185,177
2,11.9293121336549,178
2,10.1949068910549,179
2,12.6301525564456,180
2,10.6197878959518,181
2,8.36191567591109,182
2,9.42072568070228,183
2,14.5910616230565,184
2,12.1555651338993,185
2,10.6451230911289,186
2,5.41528404673935,187
2,6.39704571851178,188
2,10.3025712045754,189
2,10.8411549812929,190
2,15.1701423719034,191
2,6.27863084861073,192
2,11.9722301660424,193
2,9.00909794693187,194
2,12.6423666909629,195
2,12.1028725438848,196
2,9.00949221904323,197
2,10.275921659709,198
2,10.0166133778794,199
2,13.2325141291453,200
2,9.19377606258233,201
2,7.85104188999567,202
2,13.8100392327918,203
2,9.51679949796517,204
2,11.674542354163,205
2,9.59434668573619,206
2,11.1608308945257,207
2,6.70723177513494,208
2,8.39787933299571,209
2,15.427826305456,210
2,13.6047151426095,211
2,10.6471348525605,212
2,9.62874950530817,213
2,12.6626275704754,214
2,9.18800866270029,215
2,12.4860413047851,216
2,12.5627385969728,217
2,11.0785746717378,218
2,7.33174694832588,219
2,8.05484348930065,220
2,10.8977962000653,221
2,8.25074302669914,222
2,9.67999101543981,223
2,12.1927607114496,224
2,8.38899469172239,225
2,8.14211627597388,226
2,11.423534147298,227
2,8.45923453789332,228
2,3.75500109981677,229
2,10.6353290724573,230
2,13.6860757906263,231
2,8.45143612922881,232
2,8.90115222116708,233
2,9.10436338078916,234
2,7.66424799009018,235
2,7.02788051891103,236
2,7.62445071525451,237
2,14.2544243407172,238
2,11.7374469810517,239
2,13.7356698354683,240
2,7.40708789606729,241
2,8.115013446238,242
2,6.34540300293763,243
2,9.49451515141291,244
2,11.9495778827789,245
2,10.2877646496496,246
2,12.4877735720893,247
2,7.89099620137396,248
2,8.44061023613872,249
2,7.99840036718237,250
2,8.14274893168093,251
2,12.2809781903517,252
2,13.0675216999427,253
2,9.18400853305362,254
2,11.6681964490206,255
2,9.29843989318466,256
2,7.83048142893232,257
2,13.4534162976461,258
2,6.49337839510513,259
2,12.5320610667796,260
2,8.36316576461514,261
2,10.7302462792109,262
2,9.15683416197992,263
2,10.5363108553018,264
2,5.79202009904634,265
2,7.68530470975421,266
2,10.483934416898,267
2,7.74676684665415,268
2,9.91924836877578,269
2,7.91996024894162,270
2,11.1469795215325,271
2,12.1967881363493,272
2,13.3394789240053,273
2,11.9484510655144,274
2,9.64528497052298,275
2,7.20889063440696,276
2,11.2499983788773,277
2,10.3658525954867,278
2,9.24973297416347,279
2,11.6037667271681,280
2,10.5735105314743,281
2,9.61794702438535,282
2,11.1265577307461,283
2,8.40639267822112,284
2,8.22313998010988,285
2,10.4036422870499,286
2,14.0879915344136,287
2,9.50046706549853,288
2,12.0350746685782,289
2,9.90033368231676,290
2,10.2894249635051,291
2,10.0828638200431,292
2,13.1802904684649,293
2,10.1634210642085,294
2,7.98442010413674,295
2,8.94393975050658,296
2,11.6043161301707,297
2,9.94048938327018,298
2,9.37273794349302,299
2,8.78716591444646,300
2,10.0727887478158,301
2,6.80456794923355,302
2,10.5513333339789,303
2,11.4862022465312,304
2,10.7264913172561,305
2,7.78746193918334,306
2,8.61628664746806,307
2,10.7925476798292,308
2,7.70431513220181,309
2,9.52365959320225,310
2,9.49422916693663,311
2,8.64974391829521,312
2,10.4191066753783,313
2,9.36527405155624,314
2,11.0363554295214,315
2,9.43748182664279,316
2,10.976103982472,317
2,10.7313339586291,318
2,10.4640413136811,319
2,4.12882565333903,320
2,9.21787216065359,321
2,10.8792964087366,322
2,9.51379092097653,323
2,8.91934737716921,324
2,11.8955207421955,325
2,7.77050191499275,326
2,13.3690089420157,327
2,6.74177852934629,328
2,7.37531560684954,329
2,8.55040789936183,330
2,12.0067927856558,331
2,10.7375441785738,332
2,8.47640819299374,333
2,12.0985082571827,334
2,12.2047015733746,335
2,11.7015363078415,336
2,8.97396636873741,337
2,10.9732241491363,338
2,8.20912601186598,339
2,13.808713940636,340
2,11.7085066915143,341
2,14.0531415027452,342
2,11.0714936776118,343
2,12.4700315784832,344
2,10.0300722770391,345
2,11.441059148227,346
2,8.12795367633234,347
2,7.70647765950669,348
2,11.3029648059931,349
2,8.2186677337059,350
2,10.526269422128,351
2,10.8689554325702,352
2,8.60073309007421,353
2,12.7560190939166,354
2,12.9524893368369,355
2,8.5208461019567,356
2,10.4262224609365,357
2,9.69277221753606,358
2,10.1895651297402,359
2,11.1013504184507,360
2,12.2202192285505,361
2,8.78945862881945,362
2,11.1876470256146,363
2,13.0673889966952,364
2,10.6846142452024,365
2,7.30630377365885,366
2,12.8258112381765,367
2,12.4313545010101,368
2,7.98567861090921,369
2,6.70806472239674,370
2,12.6486281328554,371
2,9.05538905749457,372
2,11.1645298685567,373
2,11.1933405665877,374
2,12.2965002959097,375
2,11.6449842536337,376
2,9.62127890517479,377
2,9.45875655556893,378
2,9.39646651634905,379
2,9.9722703528568,380
2,10.3450924676022,381
2,13.7314796483929,382
2,8.54738288760682,383
2,8.25760554963405,384
2,11.0031350625878,385
2,9.54234638850587,386
2,10.1403505082511,387
2,9.33149183083649,388
2,11.1494762073657,389
2,10.7593882733263,390
2,11.4304436412918,391
2,12.1646860307588,392
2,10.6604496810915,393
2,9.19798733886562,394
2,11.6841089414105,395
2,9.27395307802972,396
2,6.69255676284267,397
2,9.82819666296616,398
2,10.9898055115429,399
2,11.4010130793438,400
2,7.22557083162411,401
2,8.2005857931808,402
2,6.94498678284356,403
2,9.80311883450374,404
2,9.78315979105767,405
2,7.13055996872594,406
2,8.78804837477444,407
2,7.45296968504407,408
2,7.5261471299223,409
2,9.38256910368916,410
2,11.4548642501366,411
2,9.6464286012606,412
2,9.67384585313777,413
2,8.01469764510179,414
2,11.1454147021055,415
2,9.50118827928202,416
2,8.73405148004181,417
2,13.0898190463439,418
2,9.41613987544655,419
2,12.5875580749326,420
2,10.3493196899501,421
2,7.28582412470227,422
2,13.1105340772371,423
2,10.5844353852207,424
2,9.11341307390706,425
2,7.3067224560548,426
2,7.3772166593828,427
2,9.00456518947483,428
2,12.3382888327284,429
2,9.25148860577378,430
2,9.8421659387552,431
2,7.92222061205965,432
2,11.1653942000116,433
2,11.420947097115,434
2,11.2485628239606,435
2,7.62207234334326,436
2,11.364970399121,437
2,10.4078074719157,438
2,6.92974650308476,439
2,8.17104730585797,440
2,5.96441151862981,441
2,9.17704591932012,442
2,6.94459025720726,443
2,7.37962023958824,444
2,9.10679212904344,445
2,9.97991781398038,446
2,11.3094285897328,447
2,12.5322770464852,448
2,11.9574868310673,449
2,11.9918597798277,450
2,6.81402159739171,451
2,5.47623489554196,452
2,9.48776487265553,453
2,10.9832339250074,454
2,5.96726264110322,455
2,11.0852561063037,456
2,13.2042402514188,457
2,10.4569482085133,458
2,10.2629273519962,459
2,10.6751634799821,460
2,9.32852850860118,461
2,10.4599842370956,462
2,11.5357804164839,463
2,11.6122339480557,464
2,9.41876870998283,465
2,11.0461195252631,466
2,11.1331297849596,467
2,9.48220426195238,468
2,11.5886928980457,469
2,9.87157740330559,470
2,7.36498190993173,471
2,10.5971271938323,472
2,12.2262065229584,473
2,8.47334459902422,474
2,11.3722826810756,475
2,7.92532205154684,476
2,12.3377434697461,477
2,10.9351307469245,478
2,7.9605662719102,479
2,10.8874661543376,480
2,11.3649797984614,481
2,14.0081827087064,482
2,9.31037816592358,483
2,12.4627582826448,484
2,9.93447814626597,485
2,11.769801982386,486
2,11.1925740167174,487
2,6.48371966397491,488
2,8.86707938321218,489
2,8.30037000119091,490
2,9.33365826185288,491
2,7.2725864894388,492
2,10.42184037206,493
2,10.5182843480557,494
2,13.1213632120205,495
2,9.4329037075144,496
2,5.38413506509869,497
2,10.2114582866367,498
2,8.5878670746724,499
2,11.5075632871705,500
2,15.6132683006294,501
2,13.8029336018509,502
2,11.4416102820062,503
2,9.79901039223182,504
2,6.74267377275176,505
2,9.36775082201477,506
2,13.6177577743568,507
2,7.98320616015363,508
2,11.429284499577,509
2,9.66336135372475,510
2,8.22367527748462,511
2,9.26742072610469,512
2,6.74348472782296,513
2,13.6333043852698,514
2,10.1715311133248,515
2,11.9173605652361,516
2,9.7752009099615,517
2,10.440015238689,518
2,8.64957383599248,519
2,10.9102163332222,520
2,9.12061628926681,521
2,10.6464314755457,522
2,11.9677312210146,523
2,9.64884610058664,524
2,8.53728292771348,525
2,6.30811300757352,526
2,8.23483613572315,527
2,11.6280116940739,528
2,10.549434193258,529
2,11.7713118709991,530
2,11.8635252054931,531
2,9.09985372810101,532
2,11.9310437208798,533
2,8.64035317054484,534
2,8.2603424886427,535
2,6.86792877432032,536
2,10.9061875067827,537
2,11.1226981898083,538
2,9.64518018810667,539
2,6.44380017122529,540
2,10.0608483262233,541
2,8.6159604909952,542
2,6.64650076548318,543
2,11.6870372651845,544
2,14.4300431121738,545
2,10.4738788716527,546
2,11.4005471043486,547
2,11.7688432691763,548
2,13.3352380908132,549
2,11.6283953174355,550
2,8.23032156747306,551
2,12.8270463409825,552
2,11.346862131019,553
2,8.99917236457004,554
2,6.73710343441806,555
2,10.0382143074688,556
2,6.56879127892297,557
2,11.1641610086065,558
2,9.802056767513,559
2,9.24662965226703,560
2,7.77827831654884,561
2,10.4897051912126,562
2,10.2604370707612,563
2,8.87917650888029,564
2,6.07312892629644,565
2,11.6096979499342,566
2,9.10650001702799,567
2,8.13258021606153,568
2,7.83437108098987,569
2,10.5379703503411,570
2,11.2348348980069,571
2,11.7011595330271,572
2,10.5952869699659,573
2,10.7379946048494,574
2,10.2701498520742,575
2,8.8795381857377,576
2,11.3991858634209,577
2,8.85167883500345,578
2,14.5408562033797,579
2,10.6067825858069,580
2,9.67370921767585,581
2,8.86661073178656,582
2,8.64525859495399,583
2,4.25228562348053,584
2,12.1687040399169,585
2,12.5419879960468,586
2,9.48462426800626,587
2,9.57015556231247,588
2,6.72252781446453,589
2,5.49834139603689,590
2,10.9121035336906,591
2,6.26662015381042,592
2,10.7403361202762,593
2,9.45878054045216,594
2,10.6662242976755,595
2,8.39404369526628,596
2,10.5357680227941,597
2,6.5863598690598,598
2,9.77550365011598,599
2,12.9732431468,600
2,3.83718610500752,601
2,7.55035052747784,602
2,9.80214566033574,603
2,7.9037240544106,604
2,10.4581020391533,605
2,13.5200946842957,606
2,11.2517666732285,607
2,9.3806056076774,608
2,10.2702802691811,609
2,7.61608968383138,610
2,10.6603567012878,611
2,10.398875233241,612
2,9.95164219051219,613
2,10.7439348770653,614
2,9.6739668046796,615
2,12.8851237730628,616
2,10.6870762040294,617
2,6.83934659985548,618
2,8.23455650728176,619
2,8.79137165584335,620
2,12.7236346813788,621
2,10.6021460844273,622
2,9.86232332640918,623
2,11.1127006208176,624
2,11.4007546334386,625
2,9.71030212253089,626
2,12.3692919405326,627
2,11.7312879337101,628
2,13.2361000101879,629
2,8.95071641700839,630
2,11.7532820829729,631
2,10.5834017451097,632
2,8.66899001506164,633
2,8.4205311271363,634
2,10.1805355143333,635
2,6.64803558641021,636
2,9.89906394410219,637
2,9.36727949907815,638
2,8.58242430886775,639
2,12.4527889593004,640
2,11.4711463832979,641
2,10.4279835608613,642
2,7.69850643383191,643
2,10.7589142149436,644
2,9.66129396393094,645
2,12.55211952365,646
2,11.4903131662625,647
2,8.06193959554361,648
2,12.1360350669351,649
2,9.82881749701749,650
2,9.2103831628826,651
2,7.68759560667499,652
2,7.98176421030401,653
2,8.70113788824755,654
2,12.1040394070473,655
2,9.24891006013076,656
2,10.4162980074069,657
2,13.4735731206369,658
2,10.6340598163575,659
2,6.71952765334367,660
2,7.56430254794794,661
2,9.62001437820594,662
2,10.5132778645546,663
2,8.58464774022711,664
2,10.8613109086749,665
2,7.93857808698463,666
2,11.4615667665458,667
2,9.73038911066123,668
2,8.06480035028712,669
2,10.7009630630493,670
2,9.28603769961152,671
2,7.1450552667258,672
2,9.19456081630306,673
2,7.85980419630523,674
2,10.7995479454078,675
2,8.55148234482914,676
2,10.6648327283329,677
2,10.6392850358988,678
2,8.7713346158029,679
2,8.89952015116686,680
2,11.0988210825683,681
2,11.8365717538142,682
2,14.696215009158,683
2,9.11974124461453,684
2,8.82844805583289,685
2,12.4511352128946,686
2,9.4300760797718,687
2,8.51613579273573,688
2,11.4411605245824,689
2,9.94003258988287,690
2,13.3188036081897,691
2,13.1601970387542,692
2,10.9009287119287,693
2,12.0610912150575,694
2,7.82371177452663,695
2,10.5682101544008,696
2,12.8719004805971,697
2,9.4665794166483,698
2,8.73078863134929,699
2,6.32398096600772,700
2,10.5067748406306,701
2,8.79606466469787,702
2,10.279599120651,703
2,10.7573530766152,704
2,8.87424768581956,705
2,10.0938550898316,706
2,10.7409025141321,707
2,10.7407299469199,708
2,9.14344865211474,709
2,12.5957642297189,710
2,9.63055533454163,711
2,8.88411056640283,712
2,10.1921130817554,713
2,11.9445577537349,714
2,5.61087410169277,715
2,6.43931916689781,716
2,10.9283974394624,717
2,11.4256576302369,718
2,11.8432734079521,719
2,9.59111147429611,720
2,9.80064390418584,721
2,7.15722222714417,722
2,11.0568722908194,723
2,6.66200422774707,724
2,5.29819690774398,725
2,11.0391703673073,726
2,10.7913154843211,727
2,6.55162271533981,728
2,13.638932544315,729
2,10.8352804108771,730
2,10.060571602457,731
2,12.4166251953501,732
2,11.4234365302902,733
2,10.2732149575602,734
2,12.2162279651848,735
2,10.6333363604261,736
2,12.2367844169265,737
2,12.4789027781222,738
2,6.77740944741586,739
2,8.64168984984359,740
2,11.9166351204249,741
2,7.0227231162486,742
2,11.3074901504717,743
2,14.2915921496805,744
2,11.2990548042082,745
2,10.3545780935825,746
2,8.27836241581483,747
2,8.27525489295909,748
2,7.85053401257323,749
2,12.2691764697404,750
2,6.43604270420724,751
2,8.11747807402969,752
2,11.6954042774781,753
2,10.5301545096622,754
2,14.2509621972744,755
2,8.71231425626615,756
2,7.03530385372363,757
2,11.244220448895,758
2,9.04409289113119,759
2,8.08558646428782,760
2,7.88876106127678,761
2,10.4341061898358,762
2,10.4793603561684,763
2,10.1640936858513,764
2,10.2072234926097,765
2,10.7409759030485,766
2,11.5911305305233,767
2,7.42881653308541,768
2,10.400803656116,769
2,12.6167666928972,770
2,10.3810288578972,771
2,14.3581578820691,772
2,9.90410063010454,773
2,9.81843648020579,774
2,7.59075840005883,775
2,10.7458075566751,776
2,8.78488512082459,777
2,14.1239659625394,778
2,10.831887897162,779
2,9.27163918839742,780
2,9.79412456567279,781
2,10.9391177227827,782
2,7.4326025364059,783
2,8.57656606168078,784
2,11.0607105147414,785
2,12.0073371580301,786
2,10.5131292456427,787
2,9.21101242362799,788
2,10.9349149746086,789
2,10.9167645615235,790
2,13.2019427260075,791
2,8.29078227272046,792
2,10.197751217002,793
2,8.72782833498752,794
2,8.55524603092301,795
2,8.38659621786128,796
2,7.66953103856138,797
2,9.90468030823009,798
2,8.93419353933661,799
2,6.73876546415936,800
2,8.54222376257624,801
2,13.419819700644,802
2,11.976709961494,803
2,9.94305992925858,804
2,10.1684302705271,805
2,11.8078622878813,806
2,8.45329482440435,807
2,7.65770333742085,808
2,12.3054258169694,809
2,5.55059324363261,810
2,6.91360406895733,811
2,12.604525493183,812
2,8.5680323152889,813
2,10.5192440992003,814
2,10.1714801526629,815
2,9.34893567711815,816
2,10.2431713923925,817
2,7.66951404551764,818
2,10.5753813480882,819
2,6.8498296461544,820
2,11.6477821156218,821
2,10.9498913925097,822
2,7.84325211091856,823
2,11.9507954665648,824
2,8.38264919523243,825
2,10.2831704881526,826
2,14.4149397382206,827
2,8.41732888361123,828
2,12.7164666333483,829
2,5.46589288702477,830
2,7.14100062762821,831
2,13.483025256108,832
2,11.1751489379955,833
2,11.9008613214801,834
2,11.7582383908993,835
2,8.30475050449403,836
2,13.0448798345813,837
2,9.65109514825678,838
2,11.8487914173249,839
2,9.61221493419867,840
2,5.27806421005399,841
2,8.3407802603779,842
2,7.08925909625103,843
2,9.61404310271685,844
2,10.6227211309457,845
2,8.35525311508965,846
2,10.9556219892229,847
2,7.12780162419325,848
2,9.8063878474475,849
2,9.28381398206844,850
2,10.3026885327147,851
2,10.4828160753794,852
2,9.6354117956118,853
2,11.4235719602437,854
2,12.0468574901479,855
2,12.1035077175537,856
2,9.90312809099516,857
2,6.06849752693951,858
2,10.1138605172002,859
2,7.15466361229623,860
2,6.83118987516122,861
2,10.0890528056554,862
2,9.50759239265416,863
2,11.3626075640927,864
2,7.58564983484856,865
2,4.42000091168347,866
2,9.87683590004338,867
2,12.9475688895092,868
2,11.071386223822,869
2,9.56330330994071,870
2,8.73326645592824,871
2,10.2478539479171,872
2,10.1824985170272,873
2,7.15226548072114,874
2,14.3243375994511,875
2,10.7267962921803,876
2,9.69627804087072,877
2,10.4104200835427,878
2,11.3260837437573,879
2,10.6267861150795,880
2,5.76062339274422,881
2,11.5999611872979,882
2,9.12725892795218,883
2,10.187942288899,884
2,12.1100014374923,885
2,9.76206539380705,886
2,8.84548831308834,887
2,6.73210113380571,888
2,9.56756739023969,889
2,12.240429942963,890
2,7.15577460805466,891
2,12.8214074765467,892
2,8.8527669280884,893
2,6.92975021029732,894
2,6.55116163812747,895
2,10.9787976578438,896
2,8.76499966772406,897
2,12.4461853377491,898
2,6.28317888852459,899
2,4.25596978343164,900
2,8.24126564004616,901
2,7.47399493427834,902
2,9.71671269681386,903
2,8.27233956321829,904
2,8.01949830397706,905
2,11.8611804335023,906
2,9.54776563671214,907
2,9.51433106909596,908
2,12.5386058161713,909
2,7.8133340474308,910
2,10.3071512338678,911
2,11.0394081829824,912
2,9.25452147533266,913
2,10.7728266185287,914
2,8.48786487380402,915
2,10.3727168420539,916
2,8.63217183888545,917
2,10.5216268222538,918
2,12.6304109879752,919
2,13.3541630716278,920
2,9.23869240487238,921
2,8.56719479455579,922
2,8.72329135400291,923
2,10.7481418873644,924
2,9.59932936798003,925
2,10.5239472891782,926
2,9.83585925605773,927
2,9.12813641331261,928
2,10.1888489236002,929
2,12.1642759993194,930
2,8.79200054445083,931
2,8.80702123769689,932
2,10.4340289444728,933
2,12.482726854733,934
2,11.3535177432202,935
2,6.39035924057967,936
2,7.0500240341563,937
2,11.0922667446932,938
2,9.42834910149201,939
2,9.02896692618855,940
2,9.32936565388936,941
2,9.34328556099509,942
2,9.05291764560496,943
2,10.1466003109328,944
2,10.8919832137652,945
2,8.38143975772405,946
2,8.93701731897065,947
2,10.1941862655132,948
2,7.24533442757641,949
2,10.9532454841382,950
2,8.24325571846015,951
2,8.77849933045781,952
2,13.4307921983983,953
2,6.68709252866853,954
2,9.91265879744296,955
2,9.99648952004758,956
2,12.6201897827989,957
2,10.5109545903567,958
2,11.3882044608876,959
2,11.5289755315554,960
2,9.62071020371146,961
2,10.5893402026522,962
2,8.18487877974127,963
2,9.82329531135955,964
2,10.0573395497179,965
2,11.4770430835564,966
2,12.1310941275438,967
2,8.04887641231972,968
2,8.15576612591256,969
2,9.35382183445959,970
2,12.2472863680308,971
2,13.9998640467829,972
2,7.98855645906312,973
2,12.2540986647988,974
2,10.0769385693481,975
2,12.0249939120548,976
2,9.62815215591425,977
2,11.690499150546,978
2,9.65380649645552,979
2,8.4785102414195,980
2,9.59823959147063,981
2,8.86453409772478,982
2,9.04625537518656,983
2,11.1873601704645,984
2,8.30758498515518,985
2,13.3442337509808,986
2,7.22123867336292,987
2,11.4318401845083,988
2,8.93450419832245,989
2,11.3820700392812,990
2,8.5263760735717,991
2,9.24959176915811,992
2,10.5732530679251,993
2,10.2770498531879,994
2,7.98535371339667,995
2,10.0158659056353,996
2,13.9880730786891,997
2,10.7542709898644,998
2,13.0869461031434,999
2,9.7583841508634,1000
3,8.58896428417451,1
3,14.0035095245248,2
3,10.360841183545,3
3,8.61603066527774,4
3,12.0335277141706,5
3,11.4101532912642,6
3,12.1306271793016,7
3,10.7751448368542,8
3,15.1202204686992,9
3,5.43848665852701,10
3,6.86357588563749,11
3,6.56128524467655,12
3,8.97697150907277,13
3,12.935049113924,14
3,8.87199086925378,15
3,12.0714016911616,16
3,15.7410657719496,17
3,9.05396458936544,18
3,12.5385067438339,19
3,13.4920687319736,20
3,13.0295356904767,21
3,4.72913650859257,22
3,9.21436526491041,23
3,8.03859293412673,24
3,15.6841702596947,25
3,13.9109767227524,26
3,10.824175749493,27
3,9.39841068937778,28
3,9.12999641640286,29
3,5.50044151937064,30
3,10.6628077764589,31
3,13.4029415766638,32
3,11.7077641949366,33
3,8.43915152762255,34
3,11.0831173973626,35
3,10.9473483515787,36
3,10.8979163343003,37
3,7.12931446644404,38
3,6.66007287322591,39
3,12.1502464938051,40
3,15.4017399947577,41
3,13.2524593362348,42
3,13.7953052509099,43
3,12.5514338595841,44
3,3.02706432919802,45
3,8.67266187698704,46
3,11.8890909732827,47
3,10.3310823987245,48
3,10.5256417823354,49
3,7.09468488197076,50
3,11.588527080278,51
3,13.4512864920018,52
3,15.2772937850001,53
3,9.16461545472813,54
3,11.69166275109,55
3,9.20304692113423,56
3,10.8174053409868,57
3,11.9339102532427,58
3,11.0840627380937,59
3,10.3250892993267,60
3,13.0386927922977,61
3,13.4023024680145,62
3,8.37920018052976,63
3,11.5352899258224,64
3,4.75285472193459,65
3,11.4619807996701,66
3,7.78933540032144,67
3,14.8845557296303,68
3,10.1734394020797,69
3,7.53611328896787,70
3,10.8339996048626,71
3,11.7209617848484,72
3,11.5322867535233,73
3,7.91358374073013,74
3,10.9520372779876,75
3,9.39984021882436,76
3,11.2453155605461,77
3,10.8970682395994,78
3,7.44130090575196,79
3,14.3320480180689,80
3,14.2494545333371,81
3,9.72919158600445,82
3,9.8610115963357,83
3,14.6218069253452,84
3,13.0864631684492,85
3,6.86746571453506,86
3,11.4168447230845,87
3,11.6026953712661,88
3,11.981535623374,89
3,11.4130505887023,90
3,14.67587553498,91
3,14.6345943489626,92
3,13.32257164617,93
3,8.87302273728294,94
3,10.9673971746507,95
3,9.10537105856702,96
3,3.58158470016041,97
3,8.98457422846702,98
3,5.98029046087817,99
3,12.8395826951632,100
3,7.99759554860511,101
3,9.25208095614047,102
3,13.3149239046775,103
3,8.01319410106563,104
3,9.61090041114141,105
3,11.3529299202263,106
3,6.00481231849029,107
3,11.3090163404625,108
3,17.4024705376727,109
3,4.10723960461941,110
3,14.3149532001145,111
3,12.2996757844172,112
3,6.02724131482245,113
3,12.7662375273598,114
3,10.3631975335293,115
3,10.5659901416702,116
3,10.5012551820753,117
3,12.5457906262629,118
3,11.3376538320025,119
3,16.83057129771,120
3,8.09922290244818,121
3,11.4322250142262,122
3,14.2321297142063,123
3,8.57758847715802,124
3,10.3306332956793,125
3,10.5998114052054,126
3,11.5477569336585,127
3,14.0623584921619,128
3,10.0255859276145,129
3,4.90537127886974,130
3,6.16461779984111,131
3,11.9730249813448,132
3,9.37754852127022,133
3,7.22205528447919,134
3,9.60267234015995,135
3,13.5778955852211,136
3,16.3785029054232,137
3,11.4433827916499,138
3,9.68029657974056,139
3,9.00063682556577,140
3,6.83385674065114,141
3,9.96467068161372,142
3,12.0023072999219,143
3,8.99761538006408,144
3,9.48888263673011,145
3,13.4696545843465,146
3,11.7784670983465,147
3,15.4102363922657,148
3,10.3045214015842,149
3,15.3620033416497,150
3,13.9109473289767,151
3,12.2088899606802,152
3,14.2471920919137,153
3,9.8305358142408,154
3,10.9615967730494,155
3,10.9058285337438,156
3,14.6375789461089,157
3,14.3313619657468,158
3,9.171012204959,159
3,11.0989408489361,160
3,8.29477527298085,161
3,7.90882461769887,162
3,9.12423573380529,163
3,10.8041722515451,164
3,13.0027927846196,165
3,7.96692557197212,166
3,6.12122912168973,167
3,13.208431165919,168
3,9.82209205891515,169
3,11.2661081383119,170
3,9.26826459139741,171
3,8.76422170998012,172
3,11.2136252768101,173
3,7.24627748926455,174
3,12.0345052739943,175
3,6.96618456455364,176
3,12.6033021697912,177
3,7.43782819989359,178
3,10.8674371241472,179
3,9.16884115595608,180
3,10.84398542945,181
3,8.66147357098751,182
3,10.3002014219891,183
3,11.3532708862195,184
3,8.03355520486728,185
3,9.78768212914496,186
3,11.0721560624193,187
3,7.80877963535806,188
3,6.44732591233688,189
3,11.1726826661941,190
3,12.8648289671249,191
3,12.2456490238288,192
3,12.3608135277849,193
3,10.0063188873051,194
3,15.4771024918906,195
3,8.48111546638599,196
3,13.6409482935048,197
3,9.54134568861565,198
3,10.3687065464399,199
3,5.23870886014133,200
3,14.3251189508727,201
3,6.91024308310291,202
3,12.2158904202587,203
3,9.17317640283983,204
3,12.0367703534235,205
3,12.0711516828796,206
3,12.1390511368697,207
3,14.3766662133481,208
3,10.390247310612,209
3,14.3212429368311,210
3,13.0917696372629,211
3,9.12163724360854,212
3,15.1653082995253,213
3,9.70717550005023,214
3,11.8605518113608,215
3,16.819298188611,216
3,11.7537454866012,217
3,13.2028915975886,218
3,7.37316605287182,219
3,12.554168707902,220
3,14.2378915794726,221
3,12.0354047270473,222
3,10.6310134333201,223
3,11.4008198128306,224
3,12.2461097677098,225
3,15.7915495364962,226
3,11.9439009307835,227
3,10.2132815822477,228
3,12.0322099096116,229
3,15.4011116507325,230
3,8.50471202386723,231
3,8.87847172394579,232
3,13.2073253734201,233
3,14.6910285266249,234
3,10.9888742455611,235
3,9.78100039566719,236
3,14.2449423499377,237
3,9.69297277646891,238
3,11.5350043942314,239
3,14.8942944253186,240
3,11.0077082248593,241
3,4.4303455109238,242
3,8.78771611555314,243
3,11.8598826581012,244
3,13.8116022788812,245
3,8.0160139972307,246
3,7.79932290338046,247
3,12.4070638020651,248
3,4.50419982132141,249
3,13.1680655461522,250
3,7.24532616829256,251
3,10.1078087848907,252
3,12.2345309149592,253
3,11.0747845770166,254
3,11.0685239035667,255
3,13.4785347362586,256
3,9.02913892242951,257
3,10.4413848845803,258
3,12.3771248485732,259
3,15.1782365098458,260
3,12.8620210544905,261
3,9.78419276809198,262
3,12.6379885376992,263
3,7.39056325623175,264
3,8.05294719972883,265
3,10.1483202113069,266
3,7.62448680229483,267
3,9.18307027955555,268
3,10.5439248958397,269
3,7.69702300388422,270
3,11.9630132974162,271
3,5.59278423815889,272
3,9.78515154986427,273
3,11.0881768376181,274
3,13.457489596376,275
3,14.2269877295238,276
3,15.8720349284505,277
3,13.7158536480843,278
3,11.5181251102179,279
3,7.87950445526939,280
3,15.9089718903716,281
3,12.0938530366253,282
3,13.6175046478593,283
3,14.8291617611971,284
3,11.2823370841778,285
3,10.0109319919232,286
3,13.0167252955822,287
3,13.1132835161082,288
3,10.5883079739323,289
3,12.0006750355042,290
3,13.014447722952,291
3,12.6869257407636,292
3,11.618837591076,293
3,7.91851489655639,294
3,11.5193867689878,295
3,17.8490179778452,296
3,10.7439368638963,297
3,11.5573922092867,298
3,8.08767851515188,299
3,9.24295424069115,300
3,11.3000032241165,301
3,9.69484083454105,302
3,14.0872379527151,303
3,8.67570813507077,304
3,7.26624426810062,305
3,10.6733596510549,306
3,9.79723737366993,307
3,10.9665570823035,308
3,5.28031387891505,309
3,13.8083692196853,310
3,8.58238210531924,311
3,6.51326668757791,312
3,6.75136929195533,313
3,5.67634298918556,314
3,12.960511641457,315
3,16.65320671457,316
3,11.1653602276022,317
3,11.6642107768385,318
3,7.90422485508866,319
3,13.1539774856995,320
3,12.5260923662017,321
3,14.6598499337897,322
3,8.43268408119955,323
3,10.5377580215323,324
3,13.2509823393108,325
3,9.55635501935355,326
3,13.5572341907539,327
3,7.83412292855958,328
3,11.057925902098,329
3,9.30381061670138,330
3,9.16159946983164,331
3,11.9554851687879,332
3,6.34753910815022,333
3,13.3732133670114,334
3,12.5414897440036,335
3,8.29296378464652,336
3,11.92188717452,337
3,14.2392725325696,338
3,8.36740956126034,339
3,11.0708035125334,340
3,10.0607314888671,341
3,12.4061840873564,342
3,8.87546148917827,343
3,8.0617592356829,344
3,13.0037086503543,345
3,9.55929059740098,346
3,14.0580929777693,347
3,9.83697196541948,348
3,9.68679715168916,349
3,9.93764988106756,350
3,11.1073578135647,351
3,9.1554425664483,352
3,10.8194779911971,353
3,9.6813516323859,354
3,13.1911600542807,355
3,9.18513915951617,356
3,6.79195161204823,357
3,8.29748202721951,358
3,13.1193562307656,359
3,15.698136247602,360
3,8.37816597508542,361
3,9.81473447964914,362
3,11.4866795607584,363
3,12.2930833101495,364
3,10.5959481957534,365
3,12.4484885355269,366
3,7.89491161118144,367
3,11.3990740089074,368
3,8.30266050754894,369
3,14.3465735323376,370
3,10.1975588494738,371
3,9.77370660208121,372
3,14.2474775793521,373
3,9.29454530965827,374
3,9.55304638203214,375
3,8.04209754865797,376
3,12.0977601305344,377
3,6.92426870125188,378
3,12.4885944407585,379
3,13.1152244057904,380
3,7.07435326060722,381
3,11.0666920693629,382
3,10.5555541059568,383
3,10.713690309549,384
3,10.4653258478068,385
3,11.7964724369749,386
3,10.2037478966509,387
3,9.6566995241873,388
3,8.81594324415276,389
3,13.4606770366426,390
3,13.6139424365079,391
3,15.0145355035152,392
3,13.0490132412684,393
3,5.79058530552743,394
3,12.1645356256327,395
3,11.9961098721073,396
3,11.5518787962189,397
3,10.0749996399635,398
3,14.0052469465578,399
3,8.05649520130225,400
3,14.0269406891625,401
3,9.40047795747387,402
3,11.5330644747702,403
3,7.91614718565872,404
3,10.7528234247347,405
3,11.0621847781639,406
3,8.01301402888485,407
3,12.1450803699886,408
3,9.87839714331047,409
3,11.1630571771058,410
3,6.44639319095221,411
3,13.4317338645221,412
3,7.41674528549264,413
3,13.5534785439153,414
3,10.5762715432379,415
3,12.9956785748068,416
3,12.8125902519994,417
3,13.6784735563389,418
3,11.4907345686951,419
3,13.8793307258165,420
3,8.26184205992924,421
3,16.9999574448221,422
3,13.6834721081228,423
3,10.027390413951,424
3,7.62793203831957,425
3,7.81837436684318,426
3,8.41991293670559,427
3,11.6406665557769,428
3,13.0170719935278,429
3,9.93183619085934,430
3,7.81238018704012,431
3,7.83567354406666,432
3,8.64727688028619,433
3,11.9298296712433,434
3,14.3261246743114,435
3,8.42487440263896,436
3,12.6085432606221,437
3,8.55373268731774,438
3,11.3539168392538,439
3,9.65514779437117,440
3,8.86275120049028,441
3,13.8974443966577,442
3,11.0191119355233,443
3,12.0654450924521,444
3,10.5915849091135,445
3,15.1005194649049,446
3,10.5077407116221,447
3,9.90404124721978,448
3,13.2087408756086,449
3,8.93376562760619,450
3,9.77539620731926,451
3,11.8451394136962,452
3,10.6893017945595,453
3,11.5365382879678,454
3,9.30265721150514,455
3,11.2827549009285,456
3,10.8539709154329,457
3,20.0273614277376,458
3,11.281517976794,459
3,6.26995973330979,460
3,11.9849540634402,461
3,9.18650067531403,462
3,13.3206838863922,463
3,9.38316308753598,464
3,6.46087042322832,465
3,10.0245390038924,466
3,13.7256527458737,467
3,14.0092368350925,468
3,12.38816328421,469
3,10.9978333542458,470
3,8.99534159599075,471
3,15.1317788637001,472
3,6.67233087059233,473
3,9.00320192916079,474
3,6.58142299478077,475
3,9.12771355457597,476
3,10.9740719239396,477
3,11.3808121191091,478
3,9.36713444147833,479
3,9.2459954021449,480
3,12.02209614701,481
3,9.03823219229035,482
3,12.0792440374408,483
3,11.523252558288,484
3,12.9764956128812,485
3,14.0089750209765,486
3,13.2785268415092,487
3,8.89761777726998,488
3,15.7926226257653,489
3,12.1194230252804,490
3,12.6925905916139,491
3,13.0455118191079,492
3,10.041082647062,493
3,9.68043812133954,494
3,14.8114184431777,495
3,7.90357026205203,496
3,8.49204108320207,497
3,10.8687668487141,498
3,10.3338069394668,499
3,14.5964211816221,500
3,11.0293671350686,501
3,14.7185248785573,502
3,12.9325899642325,503
3,11.6910855678581,504
3,7.52835966143961,505
3,9.71500338626558,506
3,8.66366266033672,507
3,12.5658351811201,508
3,10.2743169753607,509
3,11.5681077841532,510
3,11.9293348828393,511
3,12.4611126111638,512
3,11.6107487419632,513
3,13.3411418839244,514
3,9.60378435395295,515
3,8.40653991385856,516
3,10.9032695817151,517
3,8.07425533827318,518
3,7.33189602896542,519
3,9.51448517573758,520
3,13.4983108905541,521
3,15.9736749765804,522
3,11.6800880200479,523
3,14.4741974780709,524
3,9.67398504844027,525
3,14.3262910693604,526
3,12.7976884139743,527
3,11.4890438340545,528
3,12.52584101745,529
3,9.11217938032905,530
3,8.65261894239694,531
3,8.29021190439417,532
3,10.8519729414473,533
3,12.6938584212492,534
3,11.8361292339248,535
3,8.71421048765593,536
3,14.9850971083089,537
3,10.5613465490512,538
3,10.4618593909872,539
3,11.4401204796963,540
3,11.6935893721584,541
3,14.4036629161612,542
3,9.41111515114585,543
3,12.7570043652018,544
3,13.4522116233884,545
3,13.9508251807682,546
3,9.33514214046032,547
3,15.3949923434162,548
3,12.2665747991019,549
3,7.65470522567319,550
3,10.9906400940842,551
3,12.5949091257274,552
3,10.1172821409863,553
3,10.2123908101721,554
3,7.22211813553076,555
3,10.7883025213595,556
3,9.07031130646213,557
3,15.2655521787035,558
3,7.96032843222839,559
3,11.4459180411063,560
3,17.5893460012046,561
3,9.99871886675755,562
3,11.4575930913275,563
3,9.37471083899283,564
3,10.4476457784047,565
3,8.06796361152836,566
3,12.0740995758258,567
3,14.7481777966893,568
3,8.82638973769232,569
3,12.1516215222207,570
3,12.111214217106,571
3,9.96262725989497,572
3,12.5178018809563,573
3,15.5088042563575,574
3,8.00814833830338,575
3,15.07881317281,576
3,15.2522160812074,577
3,7.96476999913252,578
3,9.33151529196284,579
3,14.737732036474,580
3,9.99336868589496,581
3,9.72416194402038,582
3,7.95830827210838,583
3,6.68402532434176,584
3,17.7172223203751,585
3,13.1617075792102,586
3,8.37282151135719,587
3,11.1634402814009,588
3,9.49270369167633,589
3,13.2644610692316,590
3,10.7665186974853,591
3,11.6095611228252,592
3,11.6151418851051,593
3,9.14470093755807,594
3,7.90253306649768,595
3,15.844817553853,596
3,11.2775881643832,597
3,12.3186902861746,598
3,11.6042934369554,599
3,8.85329524177534,600
3,9.03630301264508,601
3,8.08578003224953,602
3,14.0369731066978,603
3,10.0455406072315,604
3,16.1053485808065,605
3,11.2828675111321,606
3,13.8486182805899,607
3,8.33979134721464,608
3,9.94121707518494,609
3,7.32827550282893,610
3,15.1271334777383,611
3,10.1537137405921,612
3,10.9747484726393,613
3,10.7544155842216,614
3,11.9546859780584,615
3,12.0676184678433,616
3,15.3394301289435,617
3,11.4060442995095,618
3,8.64101752867578,619
3,10.7505076333017,620
3,13.9272336384103,621
3,7.7740790835568,622
3,8.34922080244588,623
3,15.1468064645717,624
3,12.6473364575407,625
3,8.90107736196168,626
3,13.3555464803991,627
3,12.3660389930932,628
3,7.81222745512001,629
3,6.12038928224557,630
3,13.1339560960566,631
3,11.1797325667143,632
3,16.9257618213434,633
3,8.44624216587246,634
3,12.0813550165347,635
3,12.0062902661448,636
3,12.5097221062305,637
3,9.49533634268739,638
3,10.8908496367632,639
3,12.581955357482,640
3,11.4853769736587,641
3,11.2757191009179,642
3,11.1407299575535,643
3,7.3004272683773,644
3,13.1602461376249,645
3,9.94662360806035,646
3,11.9951879981867,647
3,10.8486738189372,648
3,12.0842929382857,649
3,11.7933064763006,650
3,11.4931519607076,651
3,11.3375925445095,652
3,8.50685582938425,653
3,11.1824282086189,654
3,10.0222703683294,655
3,15.3728794139242,656
3,10.2700213370199,657
3,10.9821845503906,658
3,7.58215129695719,659
3,9.72040394719098,660
3,9.78319253535164,661
3,14.5980607138625,662
3,10.8970870541136,663
3,12.14034286027,664
3,9.08658687202434,665
3,15.8918236337013,666
3,7.35836319428843,667
3,7.18484752382508,668
3,9.24783441358302,669
3,10.0243048697438,670
3,9.85627796366136,671
3,9.64008862448619,672
3,3.20974191514865,673
3,11.0908550627998,674
3,12.4477297054131,675
3,15.3039115109515,676
3,12.1914834066537,677
3,10.0472897433071,678
3,15.9504865118829,679
3,9.33458773367682,680
3,13.1614663517901,681
3,9.3079715241161,682
3,16.147201034317,683
3,14.4647705476296,684
3,13.8749732118793,685
3,11.6916178304522,686
3,10.3657706331185,687
3,11.6860068275862,688
3,11.3329125056946,689
3,12.8002918548854,690
3,13.0901237087806,691
3,14.0356537351211,692
3,11.4608325749418,693
3,10.4238540678933,694
3,9.49673984231208,695
3,10.3453822651071,696
3,14.9121388659133,697
3,11.6525499401086,698
3,11.0584754424558,699
3,8.11449681276026,700
3,12.4938966461539,701
3,9.44853025371852,702
3,14.1719344716768,703
3,10.6392665479358,704
3,13.3340495144628,705
3,13.0944506784038,706
3,15.1755434871243,707
3,8.51025518236648,708
3,10.6409200148715,709
3,7.9519629073882,710
3,15.7928284910627,711
3,12.4493821915594,712
3,12.4554651348153,713
3,8.91002895677962,714
3,8.69432848572968,715
3,9.2951620072789,716
3,11.3509551865386,717
3,9.70042748188171,718
3,11.2760776988848,719
3,12.1946836373035,720
3,11.8350646063669,721
3,9.2855917917281,722
3,7.16097622656623,723
3,10.5108114499138,724
3,11.2111275199261,725
3,9.82482545720332,726
3,10.4236623743977,727
3,9.83550503279944,728
3,12.461664592361,729
3,8.81235519285905,730
3,10.1591379068132,731
3,9.74287230436703,732
3,10.7003410320861,733
3,12.1228488682159,734
3,15.0957542969818,735
3,11.1685216082861,736
3,11.1205370778456,737
3,15.2205572075966,738
3,9.55630076889426,739
3,13.1563808988639,740
3,10.894555251969,741
3,13.3568481318474,742
3,10.1245047973263,743
3,7.5654862053574,744
3,12.9051815383236,745
3,9.82954451228649,746
3,9.24298751337811,747
3,12.3697948352893,748
3,7.32843339349561,749
3,10.5837387338422,750
3,11.7350935414538,751
3,11.4646922006866,752
3,9.89929933157258,753
3,13.1788084157463,754
3,11.0835140741924,755
3,5.92900742041907,756
3,7.71127912942762,757
3,6.46634330015442,758
3,7.675757804501,759
3,6.02740946944442,760
3,13.6260319531176,761
3,9.43124759459283,762
3,11.9181260802881,763
3,11.4599458048006,764
3,11.7429093739609,765
3,10.9661716043406,766
3,6.10735853332165,767
3,12.5502201523106,768
3,9.808762320033,769
3,14.022936666512,770
3,16.4571721949971,771
3,2.99812239167948,772
3,11.7722454321096,773
3,9.97521614728625,774
3,11.0057498566481,775
3,9.69442608840657,776
3,11.0496923665424,777
3,11.1708303563714,778
3,11.2089192135547,779
3,9.23934328296558,780
3,14.9414536210349,781
3,8.43913458638884,782
3,10.7411932662242,783
3,7.9274966588364,784
3,14.9755902943524,785
3,12.2178213784657,786
3,11.0336652046226,787
3,12.7988333411707,788
3,12.5186505724316,789
3,11.4855035279826,790
3,7.29799528311425,791
3,9.25136464372077,792
3,10.5130649619366,793
3,15.3187763199171,794
3,10.8849022738675,795
3,12.5254670402414,796
3,7.46332565006806,797
3,10.8111144331842,798
3,11.8142168279208,799
3,10.7008508299675,800
3,10.7473389445659,801
3,6.94325494536021,802
3,7.7475685295524,803
3,8.28125579636469,804
3,9.15156335881761,805
3,12.8401532096477,806
3,9.75922749698662,807
3,11.151571277402,808
3,9.8938146788455,809
3,10.4929792188192,810
3,10.2014201038212,811
3,12.859838559571,812
3,14.554020192434,813
3,11.2041240310191,814
3,15.5821980320345,815
3,13.9075659854484,816
3,12.3133723296755,817
3,11.4318777164291,818
3,9.93162240055845,819
3,11.4106721468115,820
3,8.0153999378895,821
3,14.1464171611436,822
3,9.55310097808143,823
3,10.120284818021,824
3,11.689188676308,825
3,12.9066322554464,826
3,15.3337765898846,827
3,11.6998318842507,828
3,12.1303100227625,829
3,10.2093688455324,830
3,8.7875095737453,831
3,12.5727704894082,832
3,14.8655840031005,833
3,10.2574519793493,834
3,9.46287012697275,835
3,15.7004461603452,836
3,11.2322673230806,837
3,6.97121530653588,838
3,10.1886722987989,839
3,14.2465303630725,840
3,8.28214204275519,841
3,9.39997103524759,842
3,13.6800327632172,843
3,10.2190960601187,844
3,8.93905084569849,845
3,11.8114893562963,846
3,7.10582776422517,847
3,9.52089310690784,848
3,7.01275918316671,849
3,9.55504466609241,850
3,10.1851733133862,851
3,10.5832840539494,852
3,11.6053376082563,853
3,8.33025629547656,854
3,9.16197886732552,855
3,9.15734205941715,856
3,7.19039599202213,857
3,11.2973211387045,858
3,7.30444645407271,859
3,10.5486695470443,860
3,15.35207170936,861
3,10.9625050702171,862
3,12.207044981637,863
3,10.4339353388969,864
3,13.3312582348043,865
3,14.8390869515456,866
3,5.97117799828179,867
3,12.0234967484418,868
3,13.7258262550035,869
3,8.74782007315415,870
3,8.97915865508614,871
3,12.0136058603935,872
3,10.6017623323363,873
3,13.5581484832436,874
3,9.19195479983445,875
3,16.8516171680231,876
3,11.0316870958131,877
3,9.31238472174004,878
3,13.6984920898925,879
3,10.2517910620214,880
3,12.6950515377223,881
3,10.855489885273,882
3,10.496680187818,883
3,9.86618198917312,884
3,10.8667230027478,885
3,11.8271620018308,886
3,9.51036132953411,887
3,11.8032987851759,888
3,10.8259334926108,889
3,8.27768649197088,890
3,13.5602183488046,891
3,11.6027573976501,892
3,10.654844804076,893
3,8.99393894005659,894
3,10.6265447294139,895
3,11.3464666091596,896
3,6.26857661668436,897
3,6.46007190278882,898
3,9.57503698053231,899
3,11.5653301723262,900
3,10.426374444585,901
3,8.48666166302283,902
3,6.95760091998293,903
3,7.28308458221632,904
3,12.9181388930432,905
3,13.3521527450239,906
3,12.241987843749,907
3,11.8274529500814,908
3,10.8141646178379,909
3,7.52165161409378,910
3,9.87572343368689,911
3,9.31742291305703,912
3,15.2571216131399,913
3,9.67065454037924,914
3,6.30600481007427,915
3,9.6070769895242,916
3,10.180792420721,917
3,10.1326862031019,918
3,12.0575986433787,919
3,10.2403245349215,920
3,7.83394957120608,921
3,14.5235011815798,922
3,15.3858936178992,923
3,10.6797976191585,924
3,10.50593853887,925
3,6.76316119069107,926
3,9.58761158894249,927
3,11.5053648046223,928
3,9.93794815832486,929
3,14.5895173946944,930
3,7.67780809184931,931
3,12.3550963120796,932
3,10.585029020751,933
3,9.98551011769115,934
3,12.989624387541,935
3,10.4044648425755,936
3,14.0486041573741,937
3,10.9604347515985,938
3,8.60369648365394,939
3,11.2216437737812,940
3,12.1162451946128,941
3,9.64349064048898,942
3,12.4069735720783,943
3,10.1309831969954,944
3,11.9228728887464,945
3,9.85495411415254,946
3,9.90098020801205,947
3,10.3646964587455,948
3,7.5924434266102,949
3,10.8159896447991,950
3,9.46754855009544,951
3,12.2957754781585,952
3,8.94198276502502,953
3,8.5528540298606,954
3,10.8675535689581,955
3,11.2289128189529,956
3,9.79514962122475,957
3,10.3538574231481,958
3,16.4293907267427,959
3,11.1888159574549,960
3,10.9520084812244,961
3,10.8537297356682,962
3,13.0329665572849,963
3,13.3054025261454,964
3,12.6834307105308,965
3,16.0049100461813,966
3,14.3133270101559,967
3,4.79833515724177,968
3,12.3502631237178,969
3,9.59214053855453,970
3,7.28750514831007,971
3,10.7956424703762,972
3,9.37558666546719,973
3,10.2296877809248,974
3,10.1681846235018,975
3,7.54425030069917,976
3,17.2051937169718,977
3,7.07152741246965,978
3,8.99391803808742,979
3,9.72419315240932,980
3,4.38294944357961,981
3,13.2978476735627,982
3,10.481913078936,983
3,11.6223692633649,984
3,16.5915760432421,985
3,10.3537954808827,986
3,14.0764054157807,987
3,9.00579710570041,988
3,6.0060842345738,989
3,11.6328563662372,990
3,7.06826886833654,991
3,14.6566463699326,992
3,9.79395020333306,993
3,12.1060733287083,994
3,9.09431337499324,995
3,14.3511262568836,996
3,8.81469051682523,997
3,10.6370108998716,998
3,10.3224634944672,999
3,12.5538009698952,1000
4,13.4897980226187,1
4,13.030002043064,2
4,10.5526484868584,3
4,9.00050724259886,4
4,9.08827843258788,5
4,16.6235155474163,6
4,7.88942463940415,7
4,11.7260318872553,8
4,10.3159154003589,9
4,17.2525068087652,10
4,15.1102411823844,11
4,6.98460440639275,12
4,3.87946770207963,13
4,14.4357272556039,14
4,11.5635506455956,15
4,9.96908034311323,16
4,6.16890069583606,17
4,12.6837232634883,18
4,7.52819692917093,19
4,10.352327101795,20
4,13.4290995598259,21
4,17.7768320135824,22
4,11.3651117735917,23
4,11.8048891388507,24
4,12.7589209180758,25
4,9.20785613993463,26
4,10.5905984450103,27
4,10.4351624165724,28
4,15.3179507048558,29
4,13.4367043801414,30
4,14.077916417084,31
4,11.0042976783362,32
4,10.557123552499,33
4,4.51804097848133,34
4,13.2230277712777,35
4,11.8283690197133,36
4,11.6211652867283,37
4,9.18376237676802,38
4,7.20902145548411,39
4,12.2127032241614,40
4,16.1895713629789,41
4,17.7584150580868,42
4,12.9774556185016,43
4,15.7274452780951,44
4,9.89334715978942,45
4,9.54245488633661,46
4,12.4888181229689,47
4,14.9906478486637,48
4,13.6826539103987,49
4,10.691441200387,50
4,10.7726647729185,51
4,9.5173453502689,52
4,15.9682543121414,53
4,16.3304955688206,54
4,15.0086646692767,55
4,11.5266945457652,56
4,8.8210236918166,57
4,9.65273015697185,58
4,11.0816663170686,59
4,7.35311033526738,60
4,12.1858957821232,61
4,8.75285895417289,62
4,8.72900981899641,63
4,13.106766062233,64
4,11.891983675541,65
4,10.4368331349296,66
4,10.4722764300982,67
4,9.60550168641022,68
4,4.92908204912542,69
4,12.2225348692331,70
4,10.9470516414282,71
4,4.00512921546537,72
4,13.5627919172288,73
4,11.7581975195269,74
4,12.9622890254503,75
4,15.5331276449448,76
4,6.24409797131361,77
4,12.4465671766659,78
4,17.6370816920998,79
4,13.855119246633,80
4,12.9641082663689,81
4,9.00079396436833,82
4,11.6496040306528,83
4,10.0127319711333,84
4,7.39046909185165,85
4,9.17707283431761,86
4,15.2413584812342,87
4,10.1890463277269,88
4,11.3999858403979,89
4,14.1373469144318,90
4,5.55611790480858,91
4,11.3547307594027,92
4,11.5425655154894,93
4,9.3617483878143,94
4,11.3369436143505,95
4,12.095497404184,96
4,9.76492252111768,97
4,16.1831228485235,98
4,12.2562433478501,99
4,9.79714942928995,100
4,5.07052472028972,101
4,10.7094185080165,102
4,12.8096597301352,103
4,10.074355483773,104
4,15.096006198327,105
4,10.592458084631,106
4,7.91682247638007,107
4,7.93918004998351,108
4,5.21012057306681,109
4,14.6904992279222,110
4,10.4033374978227,111
4,9.88102430637374,112
4,11.6425636139839,113
4,15.7670179469476,114
4,7.62804857515104,115
4,16.8372532414267,116
4,9.27866259937771,117
4,12.832361079499,118
4,13.3622249210726,119
4,8.73137349641731,120
4,12.3678654858823,121
4,8.85229193355203,122
4,8.96955016407353,123
4,5.90545038100282,124
4,10.0587298134516,125
4,9.83173109600633,126
4,10.9412300194235,127
4,10.7580932432243,128
4,8.60825084118382,129
4,8.2509070711064,130
4,19.1545399171813,131
4,13.3792756404883,132
4,14.0199429737344,133
4,16.7577750302925,134
4,16.0301987972933,135
4,15.0642857840265,136
4,10.9518170743597,137
4,5.66426278667992,138
4,10.8183664136169,139
4,13.1155869772734,140
4,7.75035682240852,141
4,8.81874643605337,142
4,13.8545709838417,143
4,10.697800147034,144
4,10.7635600639717,145
4,11.6286154089,146
4,4.65228915343606,147
4,12.7721715270435,148
4,18.7888228900025,149
4,10.6703604334239,150
4,10.1800162080468,151
4,13.5594121367462,152
4,7.70537687833781,153
4,9.31239530870031,154
4,10.2116801211942,155
4,11.9830422327634,156
4,12.4704515886907,157
4,13.695379996953,158
4,8.47769467648331,159
4,16.1812658443593,160
4,13.4916542365946,161
4,14.334374461727,162
4,11.7452753762929,163
4,7.69854899406246,164
4,13.4404033832729,165
4,4.70582440987341,166
4,11.4576787608543,167
4,11.4049849431494,168
4,12.5166909493846,169
4,15.2846284525308,170
4,19.2749887514087,171
4,13.9080896446446,172
4,13.6704239659893,173
4,6.77658496775069,174
4,9.7380581298944,175
4,16.2420361573571,176
4,12.9952173347991,177
4,14.6700840216984,178
4,12.1584152023636,179
4,14.0763283469396,180
4,12.0045030443818,181
4,5.43113176146204,182
4,10.6750591278979,183
4,10.6186885205847,184
4,11.3298441277233,185
4,6.3842928350975,186
4,9.95152441725195,187
4,8.78277263113338,188
4,13.1798996465971,189
4,5.24139021893166,190
4,9.29956417043734,191
4,10.5126079875512,192
4,10.7467518048739,193
4,8.92523888020288,194
4,12.7864286097329,195
4,14.3947884670086,196
4,15.0702848192071,197
4,9.30943476302503,198
4,8.76174628694249,199
4,10.6244591066585,200
4,13.8940434698888,201
4,8.48265110330491,202
4,15.0828498929773,203
4,10.0394563044987,204
4,11.7641545355175,205
4,10.8591438971353,206
4,5.90651355685805,207
4,10.6665468690682,208
4,9.71221934792509,209
4,13.9456085124872,210
4,7.34135898095654,211
4,7.28224380849209,212
4,9.06025579050451,213
4,8.00226962790865,214
4,10.9380637492506,215
4,14.1817445557675,216
4,9.4307081662267,217
4,13.6270681139482,218
4,8.45035900705378,219
4,14.4316308618402,220
4,12.3518730951514,221
4,11.1552334646274,222
4,10.432656641977,223
4,8.28386514823017,224
4,12.0230900341686,225
4,11.6092011889556,226
4,11.0953012064733,227
4,13.0402809190099,228
4,7.68985022326827,229
4,12.8261730555672,230
4,12.9636071520387,231
4,7.80545164450719,232
4,13.5899964403096,233
4,10.0720532707217,234
4,11.0785236096447,235
4,7.02444073104886,236
4,10.0656893321696,237
4,11.8486986873762,238
4,13.5649327095149,239
4,10.357248537694,240
4,8.7488788707244,241
4,11.7197322190708,242
4,13.7607716590771,243
4,15.5768550241038,244
4,14.0165852470927,245
4,11.5530864069218,246
4,9.50685964075631,247
4,17.5313147829435,248
4,10.1196200823515,249
4,7.72287264167378,250
4,11.7730016999071,251
4,10.7613618224429,252
4,14.5968824985697,253
4,15.1157509415726,254
4,13.8574230903688,255
4,16.180534164198,256
4,7.65739881185674,257
4,9.35748985983482,258
4,11.4462997814314,259
4,7.86627226551709,260
4,8.99907314580063,261
4,15.6830193695451,262
4,12.6239397787222,263
4,13.2067082818632,264
4,16.5153115661334,265
4,16.755746591072,266
4,14.5493863639027,267
4,14.6645917072049,268
4,7.01165703037926,269
4,13.6698479723653,270
4,10.1703804308063,271
4,10.6913259603192,272
4,11.833270374731,273
4,11.5255615843387,274
4,9.83292558159836,275
4,14.8383571698375,276
4,11.0359175464873,277
4,12.0794895404217,278
4,16.7074171243121,279
4,14.0049241757058,280
4,8.90148323621113,281
4,12.5544356199353,282
4,22.1435930702863,283
4,10.2958442146896,284
4,10.9220395920557,285
4,8.86456588290292,286
4,13.7905403968751,287
4,9.98911446220354,288
4,8.20203796142623,289
4,8.99147635284648,290
4,15.6581215960879,291
4,9.45707135220531,292
4,10.4005924804468,293
4,7.82074188503983,294
4,12.4507725191746,295
4,12.7143269163922,296
4,8.13492589227953,297
4,10.6146522116932,298
4,8.65327427753266,299
4,5.4269262087299,300
4,9.9842014955511,301
4,10.1538254319584,302
4,12.7172754368829,303
4,4.39250794498964,304
4,14.9319262861523,305
4,7.22673897754392,306
4,8.37969491561608,307
4,12.3033696378104,308
4,13.9663316264002,309
4,12.2055780385913,310
4,11.0951104690082,311
4,12.591855016098,312
4,13.2988999237101,313
4,7.75732903747181,314
4,19.666554305225,315
4,10.9185123634336,316
4,9.42098960095661,317
4,8.43699900937492,318
4,5.45656512393925,319
4,13.5571624951752,320
4,7.10741559753649,321
4,10.9860103920224,322
4,13.9026276562221,323
4,5.96259807482905,324
4,12.0451126385479,325
4,8.05415924075876,326
4,14.5222970411681,327
4,10.5749232274059,328
4,8.00305074149034,329
4,6.85098655155142,330
4,9.88918742064234,331
4,12.6837865563138,332
4,10.0538582325812,333
4,10.7682546182578,334
4,13.5926138097508,335
4,7.42174307599415,336
4,8.53887134132877,337
4,11.5796504819656,338
4,9.68284432798022,339
4,10.0131785045387,340
4,6.26654094991405,341
4,6.95658632052927,342
4,10.4647056602306,343
4,8.8891060648532,344
4,8.82676748884477,345
4,13.0279511641353,346
4,13.7490970231966,347
4,13.242728132548,348
4,15.2689623576724,349
4,15.9298645208451,350
4,14.1294056951983,351
4,10.5662680051949,352
4,9.44734052029011,353
4,5.968874946405,354
4,17.0906988270965,355
4,15.1434981713981,356
4,10.3492737363727,357
4,11.9526501016881,358
4,15.3249630200192,359
4,10.6430835961433,360
4,14.521739740831,361
4,12.5218853064322,362
4,13.3255342561262,363
4,8.53947689463546,364
4,15.3583836826098,365
4,11.7069350240181,366
4,15.7839834625577,367
4,14.3910046834049,368
4,8.95514234518849,369
4,16.2431086785398,370
4,13.0571853653298,371
4,15.9267200561231,372
4,9.00709278111896,373
4,6.56408492342438,374
4,11.7084038077162,375
4,8.30903453515017,376
4,7.20264587042075,377
4,12.6263125562027,378
4,9.98126071220668,379
4,12.3326098252173,380
4,9.65189907220028,381
4,10.5098706310764,382
4,15.5722947423073,383
4,10.7159622854415,384
4,12.7712061864495,385
4,9.82242898416008,386
4,9.38675023668524,387
4,7.83722938291821,388
4,8.48068240619355,389
4,12.2981892477986,390
4,8.88739036900274,391
4,16.0506234130077,392
4,11.8942220247773,393
4,12.9536500931877,394
4,6.15136536746705,395
4,15.3583168335885,396
4,15.507598387805,397
4,2.7279750637826,398
4,12.878978872401,399
4,3.08596287824158,400
4,13.7358219989659,401
4,5.9312150600742,402
4,6.25153770400163,403
4,16.1532515810973,404
4,5.64893221326573,405
4,12.0615038330912,406
4,8.40639765714138,407
4,8.13435914738012,408
4,16.5707715397277,409
4,13.139165155939,410
4,6.98246118019672,411
4,16.9845917760588,412
4,16.1607422926491,413
4,17.6621988346024,414
4,11.743918893661,415
4,16.2019672721661,416
4,11.029142467287,417
4,5.59958895131753,418
4,13.9156359155741,419
4,6.1642873649852,420
4,16.9870059838865,421
4,15.2415513587189,422
4,14.0293732499723,423
4,13.091497771351,424
4,9.86705056142881,425
4,21.5363237578156,426
4,14.0745195196129,427
4,6.9631604559597,428
4,8.29838598015393,429
4,9.47873736275462,430
4,13.2849297031008,431
4,9.01417888126991,432
4,5.73023664594721,433
4,15.6944967408626,434
4,16.742806065048,435
4,8.15082867778643,436
4,17.4748552184405,437
4,17.0517812127311,438
4,13.6411318402809,439
4,11.8720292386579,440
4,6.25774400091874,441
4,16.4742699670657,442
4,15.6313727300739,443
4,9.24588228808457,444
4,13.4552000617451,445
4,4.77361214269759,446
4,10.4201781443252,447
4,9.16276689439836,448
4,11.3807410453139,449
4,5.70042674075641,450
4,10.9616434314777,451
4,9.02019339171625,452
4,13.0049173957547,453
4,12.0529898042168,454
4,11.0409191296529,455
4,8.37500372964574,456
4,10.4520856764901,457
4,14.310132132295,458
4,17.5661450653528,459
4,10.4184000789614,460
4,13.2091028108384,461
4,6.62028348345691,462
4,13.2158560280521,463
4,10.9830140128698,464
4,6.59708618228567,465
4,9.27388737338533,466
4,9.82711765875542,467
4,15.4422158878286,468
4,14.8182715609577,469
4,15.3965670251053,470
4,10.6602645447151,471
4,12.5195421988368,472
4,5.41232791344204,473
4,15.0894476577767,474
4,11.9025660079604,475
4,11.4501425577956,476
4,11.0327066401273,477
4,5.54894915242835,478
4,12.82167045841,479
4,14.1333734966752,480
4,15.7899931592144,481
4,11.2548782775911,482
4,16.2455612970632,483
4,12.0315398962993,484
4,11.4709364697314,485
4,11.767722911506,486
4,12.5807846616496,487
4,8.97930782878168,488
4,11.4460352166037,489
4,14.6289687059741,490
4,2.36026031097816,491
4,17.5067560647243,492
4,12.7243993364312,493
4,16.1673082854417,494
4,9.57616441261962,495
4,13.6047059285636,496
4,5.83532410954229,497
4,17.6937098110356,498
4,13.7252849060465,499
4,10.437689681945,500
4,14.2912421153561,501
4,11.5027639843305,502
4,13.2224644630841,503
4,11.7409330423574,504
4,11.4813607886867,505
4,17.2207300079128,506
4,9.73328756568912,507
4,8.39082109788448,508
4,10.707558881335,509
4,16.4862756402114,510
4,13.405220122198,511
4,8.47729751112034,512
4,6.04512943814049,513
4,12.2224894083261,514
4,12.8600551150687,515
4,16.7145486881917,516
4,12.4725491736937,517
4,9.94508051372466,518
4,13.4361909302184,519
4,10.2045736801665,520
4,10.5963077070944,521
4,9.25244004432027,522
4,9.51525375888926,523
4,10.9610385194593,524
4,13.602363441963,525
4,7.67865321774035,526
4,13.2684687154289,527
4,3.01113761099428,528
4,9.06075891427477,529
4,8.14542316984665,530
4,14.522596382896,531
4,14.8652286286366,532
4,10.8922028273866,533
4,7.90761177995235,534
4,7.30318455589974,535
4,14.7252990558126,536
4,17.5961232387809,537
4,8.93597705914026,538
4,13.1118708870532,539
4,14.1668296688715,540
4,16.1942351050806,541
4,10.2106402980641,542
4,11.7237347938416,543
4,12.8452318605368,544
4,10.8674061765731,545
4,15.7857749984239,546
4,10.9049778288791,547
4,9.23836653150851,548
4,6.79639770606793,549
4,18.5558381895439,550
4,8.10461761265904,551
4,7.30330745318507,552
4,14.7906718791211,553
4,9.92287981396729,554
4,10.2957638156244,555
4,14.1237857523257,556
4,11.8068408868438,557
4,13.5217773194052,558
4,13.3001286180134,559
4,22.2615282506103,560
4,14.0693677016495,561
4,7.48459450116109,562
4,14.4716871170295,563
4,14.8301156302933,564
4,14.2990470304726,565
4,12.5820164155192,566
4,14.8360715764744,567
4,7.82559353182381,568
4,9.37767076968706,569
4,14.250971708234,570
4,12.2061700458825,571
4,4.06225016512484,572
4,8.3856628399438,573
4,14.1193262365573,574
4,12.9360867632084,575
4,9.25830781318271,576
4,6.36798025423695,577
4,12.1642401418509,578
4,10.9059291527047,579
4,16.026724532141,580
4,10.0013630066184,581
4,10.2700069880375,582
4,12.9673123325793,583
4,3.11295765161431,584
4,8.22069188308404,585
4,10.0269784163987,586
4,11.8982678137302,587
4,8.73735854649653,588
4,14.9638751095795,589
4,13.5173975060179,590
4,14.1887597407321,591
4,5.49427526483466,592
4,9.90293731527716,593
4,10.3148988707987,594
4,9.83590461127794,595
4,11.2493215805357,596
4,11.7003299038174,597
4,13.4778033882867,598
4,12.7132578463347,599
4,9.34067622009274,600
4,10.4018538984563,601
4,14.5724642756309,602
4,13.5906116035165,603
4,15.6407431473419,604
4,8.78489670532545,605
4,12.979342877784,606
4,9.44813597957194,607
4,17.2301723462009,608
4,12.8024959791651,609
4,9.2872245631738,610
4,15.0904439411969,611
4,8.7136815334546,612
4,11.4544021329631,613
4,11.741131974586,614
4,9.84705622921782,615
4,9.04054440392155,616
4,16.6501403838429,617
4,12.2725726213639,618
4,16.8670049372636,619
4,10.0127159339703,620
4,8.24541991742617,621
4,12.8790476311179,622
4,13.3909016792975,623
4,10.675561786393,624
4,16.734917616958,625
4,11.621004797734,626
4,8.12353976479152,627
4,11.3666782874701,628
4,17.6661209283094,629
4,11.935142154112,630
4,10.869735769175,631
4,10.0277349375151,632
4,11.9390574739063,633
4,5.22579410479506,634
4,13.2176783270064,635
4,10.0985524941003,636
4,18.3903278554797,637
4,13.9636329271951,638
4,13.2153693457777,639
4,11.8089788698095,640
4,12.0295448610555,641
4,11.138411528028,642
4,12.0062866830658,643
4,12.1165324875087,644
4,11.093020038982,645
4,9.05104008801906,646
4,13.1196910725267,647
4,11.5371552640564,648
4,12.2873219872602,649
4,12.5509197300498,650
4,10.1716807441302,651
4,10.7138141539579,652
4,13.0724150002055,653
4,16.5490881202204,654
4,10.9674970105471,655
4,12.5820476745843,656
4,7.09478855875393,657
4,8.23932067174682,658
4,9.28722291926762,659
4,9.71682107523331,660
4,10.9263180422288,661
4,10.2605719895859,662
4,7.15959023157087,663
4,11.2587542072226,664
4,11.3393593057103,665
4,7.58438139457417,666
4,12.4090172141948,667
4,12.0150891504469,668
4,12.7901130222055,669
4,12.944578759793,670
4,10.4496572281512,671
4,13.8861046227494,672
4,15.8520575994616,673
4,11.0773262210307,674
4,13.3900910973463,675
4,10.841941102335,676
4,14.4494040500783,677
4,6.08794645514097,678
4,9.2720890074154,679
4,7.21512462493984,680
4,8.0683923236513,681
4,5.84683483240838,682
4,10.3454950507884,683
4,8.74747987016254,684
4,12.6127262478873,685
4,10.1025580791248,686
4,9.78451151639321,687
4,9.97384139881252,688
4,13.5097528155375,689
4,12.1644353937247,690
4,13.2526942688141,691
4,14.2780390799261,692
4,11.10048593296,693
4,7.18202665316763,694
4,14.5275926674361,695
4,13.7318555272417,696
4,11.7320605424153,697
4,9.20129661177018,698
4,8.90154565842373,699
4,8.51094792424787,700
4,10.1016881264364,701
4,13.0923510957883,702
4,9.24141008726656,703
4,11.0346333618863,704
4,9.6259249246121,705
4,12.7299256429456,706
4,19.737911728216,707
4,9.37815602186685,708
4,9.584581504258,709
4,11.2139251468785,710
4,7.39333359716145,711
4,12.6643068729198,712
4,9.79214259977842,713
4,14.8792090117365,714
4,10.534081861551,715
4,7.70736479031877,716
4,12.3378770624836,717
4,12.3270043216224,718
4,10.064583276311,719
4,17.4184720132218,720
4,8.02158625988976,721
4,11.3751455329753,722
4,9.19353505738462,723
4,11.9482371142734,724
4,8.48806013286824,725
4,11.1854097670263,726
4,13.0422991009601,727
4,16.123761523108,728
4,8.4995025869974,729
4,13.0144185841641,730
4,11.8641250954592,731
4,8.4462321514024,732
4,5.93369771452956,733
4,13.0292949889659,734
4,10.4301575396878,735
4,10.5094226563298,736
4,14.6501715650485,737
4,13.6810331922781,738
4,12.6438548765106,739
4,9.67354454091328,740
4,13.6286629673511,741
4,12.4918034294679,742
4,13.4141034771769,743
4,9.07568929891709,744
4,13.1383129100663,745
4,14.7086585763345,746
4,7.27227087542685,747
4,11.8067468863352,748
4,10.0199100925961,749
4,20.2537821905442,750
4,8.9567639195843,751
4,16.2812799406905,752
4,8.7174703312214,753
4,13.0428711583813,754
4,14.3140616650002,755
4,14.7903642709736,756
4,16.897080252688,757
4,12.2819847915185,758
4,16.8112934928685,759
4,6.46167775313296,760
4,15.2478640629451,761
4,11.1039194459302,762
4,10.5104757302294,763
4,12.8716363622671,764
4,14.0140123733091,765
4,13.0447765006677,766
4,14.7773272553023,767
4,10.0393668280083,768
4,9.77841160601779,769
4,13.3533936877457,770
4,14.9016225073709,771
4,11.1300645367157,772
4,11.1852962476773,773
4,12.2434733451926,774
4,10.3444842046876,775
4,13.2117543739938,776
4,12.1433929362836,777
4,11.2985436013254,778
4,8.32481782300167,779
4,13.7106822085184,780
4,12.8768531516971,781
4,8.96972738088586,782
4,9.30020734052,783
4,14.1434392106436,784
4,8.31580739906181,785
4,8.94403634745548,786
4,9.14111458400062,787
4,13.9920673122528,788
4,13.7334634100016,789
4,12.2852098348727,790
4,11.9898025470108,791
4,9.80047557706382,792
4,8.56327689164505,793
4,7.77595119065636,794
4,5.88009732164998,795
4,14.0647482027983,796
4,14.5082242400568,797
4,12.833151170504,798
4,5.06941523115494,799
4,10.808811770147,800
4,15.572776165018,801
4,12.2864922975357,802
4,10.8673696865806,803
4,11.3096119254706,804
4,10.5607858062025,805
4,13.1869836261226,806
4,11.851234555744,807
4,6.52544606043992,808
4,10.3210365759398,809
4,15.3789139151247,810
4,12.5133426904656,811
4,12.221536145766,812
4,15.0152010988517,813
4,8.35184873231398,814
4,8.06369032801687,815
4,13.6740492034152,816
4,11.1273770876872,817
4,11.299954253748,818
4,10.3875200330063,819
4,11.1523039417302,820
4,13.0676361586291,821
4,9.80668647791772,822
4,12.5142670143336,823
4,14.1825725078428,824
4,6.75734135760155,825
4,12.1998899984451,826
4,11.6671407708245,827
4,12.790918471834,828
4,2.12476834635759,829
4,10.3840329635892,830
4,11.00090680761,831
4,14.4154169273081,832
4,9.05192457845508,833
4,10.5789453572439,834
4,14.2223982175334,835
4,11.4890517723326,836
4,9.75047171320821,837
4,8.15332009790748,838
4,16.9054533012018,839
4,7.75743749275657,840
4,9.31685082560078,841
4,14.8128528558213,842
4,12.8180172942195,843
4,9.60795319860805,844
4,11.6399512321096,845
4,3.58319774483587,846
4,13.9160690352252,847
4,10.6510954477702,848
4,12.6950749419564,849
4,11.4412625457473,850
4,9.29319509508362,851
4,12.4430706999,852
4,12.4576966306684,853
4,9.06634274285755,854
4,12.3511176506434,855
4,9.95582594821562,856
4,11.2371350602685,857
4,10.7874360742632,858
4,13.1225425886337,859
4,14.9190619709128,860
4,11.5808169327157,861
4,10.1784550839831,862
4,11.5435935233402,863
4,13.7976524263301,864
4,14.0841789362236,865
4,13.3535830295788,866
4,10.3369053939334,867
4,10.9272396340186,868
4,2.03232199343344,869
4,11.293995387395,870
4,12.8787149463435,871
4,11.5945348812428,872
4,12.0098953972911,873
4,10.2002018923288,874
4,8.53761926693031,875
4,7.51317194620337,876
4,10.9061740008858,877
4,8.23802387853344,878
4,11.4134435913294,879
4,9.18374588844286,880
4,15.4664514759588,881
4,12.3425672756475,882
4,10.8884964334962,883
4,8.94871598044563,884
4,11.0929131929302,885
4,10.7887448596283,886
4,12.2590175968326,887
4,10.9240368008352,888
4,12.7822851833574,889
4,10.1180911578137,890
4,11.3301143224081,891
4,11.2011289405382,892
4,8.40017399798068,893
4,9.81777896553774,894
4,5.32344167302875,895
4,10.5275679157446,896
4,11.5403983699495,897
4,6.3595571378044,898
4,7.06392643892797,899
4,4.99227584213613,900
4,7.72087448237477,901
4,9.36070989538521,902
4,10.6922742565771,903
4,6.24681169141845,904
4,9.13450130582844,905
4,9.32804517901992,906
4,8.23894615067139,907
4,14.0912613421696,908
4,6.65617287397066,909
4,11.0756395345548,910
4,12.284399093544,911
4,15.0356159889499,912
4,6.12473988732314,913
4,14.6092095708657,914
4,9.86678235588692,915
4,10.4317122929486,916
4,6.18968692659863,917
4,9.90766252007149,918
4,15.9237481828522,919
4,7.24908854869864,920
4,7.22959100263835,921
4,20.3066529641806,922
4,7.61434701359931,923
4,5.96625928045175,924
4,17.5487609313987,925
4,4.05666851152371,926
4,8.31392761381042,927
4,8.12302252426121,928
4,11.8925525724624,929
4,10.1566002312869,930
4,8.9968067709035,931
4,9.83723997080629,932
4,11.0511305433253,933
4,9.11424482447047,934
4,14.3865250253456,935
4,10.6568982303865,936
4,14.0842847151851,937
4,14.0614656842432,938
4,9.99412798798062,939
4,12.9189076844901,940
4,13.8032481419919,941
4,11.7200782906747,942
4,6.8283178729148,943
4,9.8872221573534,944
4,11.4145527986601,945
4,13.5804152726622,946
4,10.2361404592066,947
4,19.5259235973563,948
4,5.8536113395018,949
4,10.937318275913,950
4,6.42776481959004,951
4,11.9261966384624,952
4,13.2077942814111,953
4,10.5834324907775,954
4,12.7266379392923,955
4,14.0427092228902,956
4,10.5757572143386,957
4,13.403217166332,958
4,6.1585315481253,959
4,14.7625458144744,960
4,10.4026085410384,961
4,9.95307404496344,962
4,10.8418406489791,963
4,15.218880182707,964
4,10.2947930906789,965
4,12.5581738098354,966
4,14.3420104076101,967
4,12.107378285171,968
4,13.7985852521208,969
4,9.72977422798008,970
4,8.7799835454426,971
4,17.2571615774037,972
4,12.3619546269998,973
4,10.8720253577503,974
4,7.75150990773573,975
4,8.46101793643752,976
4,10.9243970157848,977
4,6.76247976965344,978
4,10.8794981049849,979
4,9.22066438113741,980
4,12.6249864867272,981
4,15.2204298350104,982
4,8.48445288164018,983
4,7.0375337560099,984
4,11.2632184398925,985
4,10.1739126312882,986
4,11.2291435487645,987
4,10.1552488734499,988
4,7.4424223933598,989
4,15.0991138778518,990
4,13.297514680727,991
4,10.0327197672701,992
4,5.64453101302922,993
4,11.5073381373,994
4,9.31415844446935,995
4,10.3066276660663,996
4,15.2410519909038,997
4,15.320830553037,998
4,10.6980380789473,999
4,13.1441177257274,1000
